12459143
12459144
12459145
12459146
12459147
12459148
12459149
12459150
12459151
12459153
12459154
12459155
12459156
12459157
12459158
12459159
12459160
12459161
12459162
12459163
12459164
12459165
12459166
12459167
12459168
12459169
12459170
12459171
12459172
12459173
12459174
12459175
12459176
12459177
12459178
12459179
12459181
12459182
12459183
12459184
12459185
12459186
12459187
12459188
12459189
12459193
12459194
12459195
12459196
12459197
12459198
12459199
12459200
12459201
12459205
12459206
12459207
12459208
12459209
12459210
12459211
12459213
12459214
12459215
12459216
12459217
12459218
12459219
12459220
12459221
12459222
12459223
