12459069
12459070
12459071
12459072
12459073
12459074
12459075
12459076
12459077
12459078
12459079
12459080
12459081
12459082
12459083
12459084
12459085
12459086
12459087
12459088
12459089
12459090
12459091
12459092
12459093
12459095
12459096
12459097
12459098
12459099
12459100
12459101
12459102
12459103
12459104
12459105
12459106
12459107
12459108
12459109
12459110
12459111
12459112
12459113
12459114
12459115
12459116
12459117
12459118
12459119
12459121
12459122
12459123
12459124
12459125
12459126
12459127
12459128
12459129
12459130
12459131
12459132
12459133
12459134
12459135
12459136
12459137
12459138
12459139
12459140
12459141
12459142
