2018-05-12 20:31:12.761462
79.98.120.73
471
714
613
407
79.98.121.73
40
41
45
45
199.4.137.1
39
46
43
45
202.12.28.140
45
44
46
45
192.5.4.1
43
40
44
46
2018-05-13 11:26:50.317330
79.98.120.73
377
714
408
613
79.98.121.73
39
38
45
45
199.4.137.1
44
43
45
46
202.12.28.140
38
41
43
45
192.5.4.1
38
40
46
44
2018-05-13 11:40:49.939484
79.98.120.73
324
407
613
408
79.98.121.73
39
39
46
47
199.4.137.1
48
44
45
45
202.12.28.140
39
40
44
45
192.5.4.1
64
51
41
42
2018-05-13 11:53:22.839560
79.98.120.73
434
656
264
528
79.98.121.73
39
39
38
39
199.4.137.1
40
39
39
45
202.12.28.140
48
40
44
49
192.5.4.1
39
44
39
39
2018-05-13 12:05:47.386112
79.98.120.73
707
919
919
920
79.98.121.73
40
38
45
47
199.4.137.1
41
40
44
46
202.12.28.140
39
40
46
43
192.5.4.1
40
39
46
45
2018-05-13 17:17:38.478254
79.98.120.73
129
427
306
511
79.98.121.73
51
41
39
38
199.4.137.1
44
45
45
39
202.12.28.140
39
39
45
41
192.5.4.1
40
40
45
45
