2018-05-12 20:31:16.199040
202.29.151.3
548
205
510
79
224
497
321
312
298
307
305
307
202
204
817
408
194.1.149.230
41
45
45
45
45
46
44
45
41
48
45
44
45
40
45
45
194.0.11.108
39
39
45
45
46
45
44
45
45
45
45
44
45
44
45
45
147.28.0.39
45
40
45
45
44
45
45
45
45
44
45
44
45
45
43
45
2018-05-13 11:26:53.754894
202.29.151.3
205
204
239
44
326
715
305
249
260
510
305
306
306
304
816
305
194.1.149.230
39
41
44
45
46
45
46
45
45
44
45
41
40
45
45
52
194.0.11.108
44
47
44
45
41
43
45
45
45
44
45
45
41
44
46
44
147.28.0.39
41
44
45
44
45
45
45
44
45
46
45
44
45
45
59
47
2018-05-13 11:40:52.991106
202.29.151.3
257
203
305
46
258
410
202
203
611
305
612
305
306
305
407
407
194.1.149.230
39
41
44
45
44
47
44
45
45
45
44
52
41
47
43
45
194.0.11.108
39
46
44
46
45
45
43
41
44
44
46
43
45
46
45
44
147.28.0.39
43
42
43
39
45
46
44
45
44
52
45
45
45
41
45
54
2018-05-13 11:53:25.868319
202.29.151.3
260
205
305
48
256
408
209
511
197
410
513
343
569
510
613
514
194.1.149.230
307
218
288
206
201
202
203
205
203
202
152
254
305
203
203
305
194.0.11.108
206
202
203
204
203
203
204
305
94
212
201
203
203
203
204
203
147.28.0.39
201
195
314
305
305
306
277
337
300
39
39
39
45
45
45
45
2018-05-13 12:05:52.134958
202.29.151.3
579
540
305
45
259
611
305
305
305
306
305
306
305
305
613
561
194.1.149.230
3694
41
45
42
46
44
46
47
58
42
45
44
40
59
43
45
194.0.11.108
39
45
46
45
45
44
40
40
45
45
43
45
45
45
44
46
147.28.0.39
43
44
40
45
45
45
45
45
46
44
45
45
45
44
44
45
2018-05-13 17:17:41.129644
202.29.151.3
317
612
147
45
520
510
118
128
261
203
305
118
289
204
817
408
194.1.149.230
39
38
46
44
45
44
46
43
46
45
44
45
39
39
48
44
194.0.11.108
43
45
41
46
44
45
44
39
45
45
40
46
46
44
45
45
147.28.0.39
39
40
45
44
45
45
45
44
45
45
44
44
56
41
44
45
