2018-05-12 20:31:24.315122
81.91.161.98
204
307
305
715
203
203
202
614
409
202
307
293
214
205
194.146.106.50
43
39
45
45
45
46
46
44
44
45
45
47
43
45
81.91.173.130
39
40
47
45
46
45
46
48
44
46
45
45
44
44
78.104.144.2
43
39
44
47
43
44
45
45
45
45
46
45
45
45
192.92.125.2
39
46
45
45
56
48
43
46
45
44
46
45
44
45
194.0.10.100
42
46
44
44
45
45
45
45
45
45
46
46
45
45
194.0.25.10
40
47
45
45
45
45
46
47
46
46
46
50
44
45
185.102.12.2
42
45
45
45
44
48
45
45
43
45
46
45
45
45
2018-05-13 11:27:01.773501
81.91.161.98
576
511
408
714
202
204
202
304
205
203
202
202
205
203
194.146.106.50
40
49
41
49
42
45
41
52
42
40
46
44
46
45
81.91.173.130
42
43
49
45
42
52
45
46
45
42
49
45
44
40
78.104.144.2
43
44
48
51
40
42
46
43
41
57
39
43
38
39
192.92.125.2
38
40
45
42
39
46
41
39
45
39
39
40
43
39
194.0.10.100
40
39
42
41
45
52
66
41
57
45
273
94
50
42
194.0.25.10
46
101
85
198
55
44
53
48
65
52
53
42
45
45
185.102.12.2
41
93
43
74
77
144
120
45
40
57
52
106
208
48
2018-05-13 11:41:00.674804
81.91.161.98
318
208
404
700
218
306
202
613
204
203
203
204
203
203
194.146.106.50
43
40
45
45
45
46
45
45
45
47
49
41
46
45
81.91.173.130
40
45
44
54
50
47
40
46
40
46
48
46
44
45
78.104.144.2
39
41
45
44
45
46
45
45
45
45
46
45
44
46
192.92.125.2
47
46
46
44
46
45
45
45
46
54
49
44
45
50
194.0.10.100
44
47
44
45
46
46
44
46
45
48
45
47
45
45
194.0.25.10
46
46
45
45
45
45
45
42
46
45
46
45
45
46
185.102.12.2
38
41
46
45
45
45
46
46
45
45
46
44
44
46
2018-05-13 11:53:42.014679
81.91.161.98
267
204
509
715
203
203
203
407
305
202
205
202
203
183
194.146.106.50
41
45
63
46
44
41
40
45
45
45
46
45
44
46
81.91.173.130
44
46
45
44
45
45
46
44
45
45
46
45
44
47
78.104.144.2
41
41
45
44
42
45
45
46
42
46
48
44
45
44
192.92.125.2
41
42
44
44
47
44
55
47
46
45
46
45
44
45
194.0.10.100
41
45
45
46
45
48
45
45
45
45
46
46
45
45
194.0.25.10
41
48
44
44
47
44
45
45
45
45
45
44
45
45
185.102.12.2
43
46
46
45
45
45
46
45
45
45
45
46
45
46
2018-05-13 12:06:04.389053
81.91.161.98
224
306
306
613
305
305
715
613
306
178
329
304
305
305
194.146.106.50
45
45
46
44
45
45
46
45
46
46
46
45
46
45
81.91.173.130
40
46
48
42
45
42
45
45
44
43
45
45
45
44
78.104.144.2
40
45
45
45
50
42
44
45
45
46
45
45
44
45
192.92.125.2
46
45
44
46
47
45
45
45
45
47
46
44
45
45
194.0.10.100
44
47
45
44
45
45
44
45
45
45
46
49
49
46
194.0.25.10
38
48
45
45
45
46
44
45
44
45
47
46
43
48
185.102.12.2
40
47
44
45
44
44
39
46
45
45
45
45
50
45
2018-05-13 17:17:48.689545
81.91.161.98
94
240
409
715
203
202
205
615
202
202
306
201
203
203
194.146.106.50
43
40
49
42
45
44
46
45
45
45
45
218
49
44
81.91.173.130
39
39
45
45
45
44
45
41
46
44
41
39
45
57
78.104.144.2
47
209
99
54
65
178
203
196
68
73
73
112
81
119
192.92.125.2
53
74
77
97
88
108
180
138
101
87
100
109
107
204
194.0.10.100
195
197
172
174
262
95
114
201
112
198
203
203
194
207
194.0.25.10
191
778
62
69
92
2605
176
142
446
1469
728
201
301
203
185.102.12.2
216
165
246
197
220
110
175
201
200
216
143
153
172
241
