2018-05-12 20:31:34.073975
198.6.1.83
265
509
203
510
305
305
87
320
305
205
185.28.194.194
45
40
42
44
42
45
45
46
40
45
202.29.151.3
40
38
40
42
45
45
40
46
45
44
195.130.35.5
39
46
43
46
40
40
46
44
39
45
195.130.35.3
41
40
46
44
45
45
46
44
45
45
204.61.216.117
40
40
45
44
45
45
45
46
46
44
2018-05-13 11:27:12.494819
198.6.1.83
264
408
481
205
204
205
49
252
305
128
185.28.194.194
40
39
40
44
40
48
43
44
43
45
202.29.151.3
40
39
38
38
38
38
129
143
135
132
195.130.35.5
143
105
136
39
39
141
154
60
39
38
195.130.35.3
45
46
39
38
38
38
39
38
40
38
204.61.216.117
40
45
38
39
38
40
38
38
40
40
2018-05-13 11:41:10.214579
198.6.1.83
195
155
51
252
512
57
103
245
204
202
185.28.194.194
42
47
45
46
44
45
44
45
45
45
202.29.151.3
44
41
45
45
46
44
45
45
46
44
195.130.35.5
44
43
39
41
44
38
38
40
39
46
195.130.35.3
45
53
40
45
45
44
45
45
46
44
204.61.216.117
42
44
45
45
40
45
45
46
44
45
2018-05-13 11:53:51.412448
198.6.1.83
299
99
406
204
101
306
305
306
209
299
185.28.194.194
41
47
45
44
46
45
45
45
44
45
202.29.151.3
40
39
39
40
45
44
46
45
44
47
195.130.35.5
42
46
47
43
39
45
47
45
46
44
195.130.35.3
40
40
45
44
44
41
47
43
45
45
204.61.216.117
46
45
46
44
44
46
44
40
45
44
2018-05-13 12:06:14.925960
198.6.1.83
355
309
104
47
364
310
309
414
413
309
185.28.194.194
50
42
40
45
46
45
46
46
45
41
202.29.151.3
42
39
56
41
48
45
46
46
46
46
195.130.35.5
45
40
45
47
45
45
45
45
47
45
195.130.35.3
44
43
45
46
44
46
46
46
45
46
204.61.216.117
41
46
46
45
46
40
46
46
47
45
2018-05-13 17:18:20.837021
198.6.1.83
454
294
302
306
300
417
296
449
370
332
185.28.194.194
274
196
204
219
291
303
203
203
198
230
202.29.151.3
193
193
216
195
198
203
202
201
209
195
195.130.35.5
219
199
205
261
248
83
84
133
202
108
195.130.35.3
68
54
64
54
67
68
87
70
99
123
204.61.216.117
67
60
53
54
52
50
87
58
63
61
