2018-05-12 20:31:39.809523
194.0.6.1
185
204
203
203
203
203
203
203
156
352
203
203
204
203
194.0.37.1
45
45
45
45
46
48
46
46
48
45
45
48
46
45
194.0.43.1
38
40
45
45
45
45
44
45
46
45
46
48
44
46
194.0.44.1
42
45
45
46
44
47
42
45
45
45
45
46
43
45
194.0.1.10
41
46
42
45
45
44
45
45
46
44
46
44
45
45
120.29.253.8
41
41
45
44
46
44
45
46
46
43
45
45
45
45
2018-05-13 11:27:18.449687
194.0.6.1
208
159
171
158
164
164
111
166
172
278
167
156
162
155
194.0.37.1
42
39
49
46
48
46
40
43
44
44
62
45
40
46
194.0.43.1
42
45
46
41
46
46
50
43
45
43
46
45
45
48
194.0.44.1
41
44
45
43
45
45
47
44
44
46
45
42
58
40
194.0.1.10
40
40
45
45
45
48
45
45
45
45
44
48
44
45
120.29.253.8
42
39
40
39
40
45
40
44
46
46
45
45
45
46
2018-05-13 11:41:15.127833
194.0.6.1
362
203
214
192
204
202
204
203
203
204
203
202
307
203
194.0.37.1
42
40
45
45
44
45
45
45
45
45
44
41
45
40
194.0.43.1
44
44
46
45
46
45
43
42
42
46
40
45
43
41
194.0.44.1
45
40
46
46
47
47
45
40
45
45
45
45
46
44
194.0.1.10
46
43
46
46
45
47
43
45
45
45
46
46
44
44
120.29.253.8
39
40
45
46
45
45
45
45
46
45
47
44
44
47
2018-05-13 11:53:56.783289
194.0.6.1
205
306
163
242
203
203
203
306
203
305
203
204
309
199
194.0.37.1
46
46
45
45
45
45
45
45
46
45
45
45
44
52
194.0.43.1
42
39
45
46
44
45
47
43
44
46
46
46
45
45
194.0.44.1
48
45
45
45
50
50
46
50
45
49
46
44
45
46
194.0.1.10
48
40
46
43
46
46
45
45
47
43
45
45
44
46
120.29.253.8
42
45
45
45
45
45
45
44
45
46
45
47
44
40
2018-05-13 12:06:20.752998
194.0.6.1
386
617
307
155
357
307
308
171
347
299
307
307
307
308
194.0.37.1
44
46
44
42
44
45
46
45
45
44
45
46
44
46
194.0.43.1
45
40
45
46
45
44
45
45
46
45
46
45
45
46
194.0.44.1
46
45
42
46
45
45
45
46
45
45
45
47
43
46
194.0.1.10
41
46
45
45
45
45
45
40
46
45
46
45
47
45
120.29.253.8
39
46
44
50
41
46
46
45
45
45
45
45
45
45
2018-05-13 17:18:32.456689
194.0.6.1
304
298
302
311
309
296
302
304
305
514
404
431
393
403
194.0.37.1
235
2254
155
76
79
96
68
94
220
72
47
40
66
85
194.0.43.1
42
45
46
45
73
63
187
100
89
83
86
55
77
85
194.0.44.1
93
211
267
72
170
122
283
145
73
99
51
60
55
66
194.0.1.10
84
155
86
90
91
58
59
77
111
150
58
65
83
98
120.29.253.8
95
98
78
100
105
86
77
64
72
81
75
55
73
48
