2018-05-12 20:31:46.579401
192.92.129.99
391
305
408
407
306
306
203
305
304
410
408
407
408
305
409
305
304
410
316
2548
193.68.3.232
40
39
47
45
45
45
45
46
45
45
45
45
46
46
48
45
45
43
46
45
193.68.99.99
43
40
45
46
45
45
44
45
45
45
46
45
45
47
49
45
45
45
45
45
194.0.32.1
41
40
46
43
44
45
45
45
45
45
46
45
44
45
45
45
45
46
44
54
185.143.80.1
40
46
45
45
44
45
45
45
42
45
45
45
45
45
45
45
46
45
45
45
192.5.4.1
41
46
41
44
44
45
45
45
45
45
46
44
44
45
46
45
45
45
45
46
2018-05-13 11:27:24.529240
192.92.129.99
368
411
407
305
307
305
204
306
307
408
511
306
409
307
511
408
409
516
403
305
193.68.3.232
41
45
45
46
45
45
45
45
43
45
47
45
46
45
45
44
45
46
45
45
193.68.99.99
47
42
44
42
45
45
45
45
45
48
47
44
45
44
58
46
45
47
44
43
194.0.32.1
41
46
45
46
44
46
44
46
45
45
46
54
45
47
45
45
45
46
44
45
185.143.80.1
43
46
45
47
44
54
46
46
44
46
46
45
45
45
45
46
45
44
48
43
192.5.4.1
42
45
46
45
45
45
46
45
45
45
46
45
45
45
45
47
44
45
45
41
2018-05-13 11:41:22.052217
192.92.129.99
284
306
203
304
407
307
204
304
408
408
512
404
408
306
510
305
306
408
309
1019
193.68.3.232
42
40
45
45
45
45
45
48
44
44
46
44
52
50
46
44
45
45
45
45
193.68.99.99
46
44
45
46
45
46
48
42
45
43
44
45
44
46
45
44
44
40
45
45
194.0.32.1
44
41
45
39
39
39
45
40
39
39
41
44
39
40
45
39
40
40
45
39
185.143.80.1
40
39
46
44
46
45
45
46
45
45
46
45
48
54
44
47
44
45
46
47
192.5.4.1
42
44
46
44
45
45
47
45
45
46
50
53
45
45
45
45
44
48
44
40
2018-05-13 11:54:03.936826
192.92.129.99
343
305
204
305
305
306
203
305
306
407
577
340
407
308
406
306
306
408
407
1022
193.68.3.232
45
46
46
45
44
48
43
44
45
45
45
44
45
46
45
45
47
43
45
45
193.68.99.99
46
46
47
44
48
45
45
45
45
45
47
44
45
46
40
39
40
46
44
44
194.0.32.1
41
46
45
45
45
45
43
45
41
44
46
44
47
44
45
45
45
42
44
44
185.143.80.1
46
41
45
45
45
47
43
44
45
46
45
52
42
45
44
45
45
45
45
45
192.5.4.1
43
45
45
46
45
45
45
45
45
45
46
45
45
45
45
44
46
45
44
45
2018-05-13 12:06:29.128566
192.92.129.99
377
306
307
305
408
306
306
306
307
511
614
203
306
613
614
306
200
617
306
614
193.68.3.232
43
40
45
45
45
45
45
45
44
45
47
43
48
44
45
45
45
84
42
46
193.68.99.99
39
39
51
44
47
46
47
54
45
45
46
46
45
55
44
45
40
45
44
45
194.0.32.1
44
45
46
45
45
49
46
47
45
45
47
44
45
45
44
45
67
46
44
41
185.143.80.1
40
45
47
45
44
45
44
45
48
41
48
44
45
47
45
47
43
47
55
46
192.5.4.1
47
45
46
45
45
45
44
45
46
44
46
45
45
44
43
45
44
46
44
45
2018-05-13 17:18:51.846617
192.92.129.99
257
297
331
289
299
408
189
329
414
598
674
350
398
303
511
409
309
605
302
305
193.68.3.232
48
65
103
90
68
82
83
86
109
87
104
83
50
47
43
1238
51
61
43
42
193.68.99.99
49
68
61
54
43
46
65
60
53
45
60
60
48
51
47
50
43
56
57
56
194.0.32.1
48
58
54
59
58
53
50
57
56
48
55
65
67
52
46
57
44
46
54
44
185.143.80.1
41
45
45
47
44
47
47
48
45
45
46
45
45
45
44
45
45
45
45
45
192.5.4.1
41
42
42
45
46
44
45
45
45
45
47
45
45
45
45
45
44
45
45
45
