2018-05-12 20:32:00.991190
193.188.97.197
304
203
306
407
408
194
193.188.97.212
41
46
45
41
42
44
193.188.97.193
41
40
47
46
45
45
193.188.97.209
41
47
45
44
45
45
2018-05-13 11:27:37.333312
193.188.97.197
308
201
305
409
407
214
193.188.97.212
41
47
45
45
44
45
193.188.97.193
43
46
45
45
46
44
193.188.97.209
43
45
46
44
46
44
2018-05-13 11:41:34.816959
193.188.97.197
327
200
304
408
407
383
193.188.97.212
41
42
45
45
44
46
193.188.97.193
47
45
47
49
45
47
193.188.97.209
43
46
47
45
44
45
2018-05-13 11:54:16.664368
193.188.97.197
421
203
305
407
408
278
193.188.97.212
41
47
47
49
45
45
193.188.97.193
42
57
43
56
49
45
193.188.97.209
43
46
45
45
45
45
2018-05-13 12:06:42.332811
193.188.97.197
286
160
451
310
300
469
193.188.97.212
41
46
45
45
45
45
193.188.97.193
40
47
44
45
44
46
193.188.97.209
45
46
45
47
44
45
2018-05-13 17:19:16.732474
193.188.97.197
333
202
305
325
331
241
193.188.97.212
40
47
46
44
44
46
193.188.97.193
48
45
46
46
44
46
193.188.97.209
45
46
46
46
45
45
