2018-05-12 20:32:13.979534
178.172.160.20
162
281
408
613
306
304
615
408
306
393
321
408
613
306
202
306
1126
310
93.125.30.44
45
40
45
45
44
40
47
45
46
44
50
42
41
44
45
39
44
44
195.209.35.70
41
40
46
46
47
45
44
46
46
43
45
44
45
47
46
44
45
45
62.212.73.101
44
46
46
45
45
45
45
45
44
45
46
46
45
45
45
45
46
45
46.165.217.94
41
47
45
45
45
45
45
45
45
46
45
44
45
46
45
45
46
44
108.59.8.66
41
46
46
44
44
46
44
46
45
40
45
45
44
47
44
45
45
48
128.199.68.43
45
46
46
45
45
45
44
46
46
45
47
51
45
45
45
39
47
44
2018-05-13 11:27:50.453618
178.172.160.20
426
407
510
523
193
203
409
306
305
2663
305
610
414
406
202
205
1128
301
93.125.30.44
44
45
41
44
47
45
44
46
45
45
49
49
46
45
45
47
45
45
195.209.35.70
42
45
45
45
44
45
45
45
45
45
44
44
48
49
45
44
45
45
62.212.73.101
46
48
43
47
45
45
45
46
46
45
45
45
46
45
46
45
52
68
46.165.217.94
40
47
45
50
43
45
44
46
44
46
44
45
46
46
45
45
45
45
108.59.8.66
43
46
44
45
47
46
45
45
45
44
45
45
46
45
45
45
45
45
128.199.68.43
46
42
45
46
45
44
45
46
44
45
47
44
45
44
46
45
46
43
2018-05-13 11:41:43.151422
178.172.160.20
283
305
511
408
203
203
510
410
306
2763
203
613
519
604
307
304
2458
407
93.125.30.44
43
45
46
44
45
45
46
45
46
45
44
52
42
40
45
45
45
45
195.209.35.70
42
46
48
45
46
45
46
45
45
46
46
45
45
44
45
44
51
56
62.212.73.101
41
46
45
45
45
45
45
45
45
45
45
49
46
46
45
47
44
45
46.165.217.94
41
41
48
45
50
52
46
44
46
45
45
44
45
45
45
45
44
45
108.59.8.66
48
44
48
43
46
45
45
45
45
48
52
45
47
55
45
44
55
46
128.199.68.43
41
55
47
46
46
48
44
45
46
45
44
45
45
44
46
43
42
46
2018-05-13 11:54:25.045945
178.172.160.20
347
304
408
510
202
204
613
409
304
394
215
509
408
409
202
147
975
308
93.125.30.44
42
40
46
45
44
40
48
43
46
44
45
45
45
45
45
45
44
46
195.209.35.70
41
41
45
45
46
45
44
46
47
43
45
58
49
46
45
45
45
45
62.212.73.101
46
44
44
45
44
41
46
43
47
46
45
44
45
46
44
45
52
42
46.165.217.94
41
40
45
45
45
45
47
44
45
46
45
44
57
47
46
46
43
45
108.59.8.66
47
47
44
45
44
46
46
45
45
45
45
45
45
45
47
43
48
56
128.199.68.43
41
47
46
45
44
46
45
46
45
51
54
44
46
46
45
44
44
45
2018-05-13 12:06:50.628335
178.172.160.20
185
303
609
508
305
304
610
306
610
917
305
713
613
917
304
407
1230
403
93.125.30.44
42
45
45
45
43
44
45
45
44
44
45
46
44
45
46
44
45
45
195.209.35.70
44
46
45
45
45
45
45
45
45
45
48
44
45
47
50
43
46
46
62.212.73.101
41
46
45
45
44
45
45
46
44
46
45
44
46
45
44
44
46
48
46.165.217.94
42
49
43
45
45
44
45
45
45
44
46
45
45
45
46
46
44
45
108.59.8.66
47
45
45
44
45
46
46
45
48
45
47
45
44
46
44
45
45
44
128.199.68.43
45
40
45
45
45
45
44
46
46
44
45
44
46
43
45
45
46
44
2018-05-13 17:19:24.829039
178.172.160.20
335
308
500
527
204
206
616
307
410
2675
118
495
513
307
204
204
228
386
93.125.30.44
41
47
46
45
45
44
45
42
46
44
45
44
45
46
45
45
45
46
195.209.35.70
43
46
45
45
45
45
46
45
47
45
46
44
45
44
46
45
45
45
62.212.73.101
44
47
45
45
45
45
45
46
45
45
45
45
45
45
45
45
45
46
46.165.217.94
46
44
45
45
45
45
45
45
46
42
45
46
44
45
45
46
45
45
108.59.8.66
60
42
46
45
45
45
46
45
46
44
47
44
46
48
45
49
47
44
128.199.68.43
47
45
45
46
44
46
45
46
45
46
45
45
45
45
45
45
46
44
