2018-05-12 20:32:27.084289
130.59.31.41
523
201
308
202
204
98
203
307
202
509
420
192
307
204
98
410
130.59.31.43
40
45
40
40
46
45
44
45
48
44
45
44
39
47
49
46
147.28.0.39
41
46
45
45
45
43
47
43
47
44
45
45
44
46
46
45
200.160.0.5
41
45
41
44
46
45
45
46
49
44
41
44
39
38
46
46
194.0.17.1
40
40
46
45
47
45
45
45
40
39
46
41
39
47
45
46
194.146.106.10
40
46
40
40
45
45
44
43
40
40
46
46
46
44
45
46
194.0.1.40
43
44
39
40
41
46
40
45
46
44
45
47
47
51
52
45
85.119.5.230
43
46
46
45
45
45
44
49
46
48
44
46
45
45
46
278
2018-05-13 11:28:05.652537
130.59.31.41
586
203
202
204
410
157
249
203
160
759
229
179
510
203
407
510
130.59.31.43
42
45
43
47
59
45
45
45
46
45
46
45
44
49
46
46
147.28.0.39
41
46
44
46
46
45
44
45
46
47
45
46
44
45
45
45
200.160.0.5
43
47
43
45
45
46
44
45
45
45
45
45
45
46
45
45
194.0.17.1
42
47
47
44
45
46
44
45
46
46
45
45
45
46
45
51
194.146.106.10
43
46
52
49
47
44
46
46
45
46
44
47
45
45
44
44
194.0.1.40
47
46
45
45
46
44
45
45
46
45
48
44
45
46
44
46
85.119.5.230
43
45
46
45
57
46
46
45
46
44
46
46
45
45
49
41
2018-05-13 11:42:00.141911
130.59.31.41
228
408
203
202
204
204
203
204
305
724
195
306
387
429
201
496
130.59.31.43
44
41
44
46
45
44
45
46
45
45
46
46
45
46
45
44
147.28.0.39
42
46
46
45
47
45
45
50
45
45
46
45
48
52
54
46
200.160.0.5
42
45
46
45
45
54
50
45
45
44
46
45
45
46
45
47
194.0.17.1
40
46
45
52
52
42
46
45
46
45
45
47
45
51
45
50
194.146.106.10
47
46
44
47
45
46
45
46
51
45
46
45
45
48
46
43
194.0.1.40
41
43
44
46
46
48
45
44
47
46
45
46
46
45
46
46
85.119.5.230
42
42
48
44
46
46
45
46
46
45
45
49
41
46
46
45
2018-05-13 11:54:37.665536
130.59.31.41
148
171
305
102
202
101
149
155
156
452
307
97
308
203
305
408
130.59.31.43
45
42
45
46
45
46
45
48
45
45
45
48
46
45
45
46
147.28.0.39
43
43
46
47
45
46
45
45
54
45
46
45
46
45
46
45
200.160.0.5
46
47
45
45
47
44
45
45
50
56
45
46
46
45
47
43
194.0.17.1
41
47
45
45
45
45
46
47
44
45
46
45
47
46
46
45
194.146.106.10
45
47
44
46
45
45
46
51
46
44
46
44
46
45
45
45
194.0.1.40
46
40
41
45
45
45
46
48
46
46
45
46
45
46
46
44
85.119.5.230
43
47
44
46
46
45
45
45
45
45
45
44
46
46
45
45
2018-05-13 12:07:05.831067
130.59.31.41
412
417
296
613
305
311
300
353
257
612
305
413
390
215
305
306
130.59.31.43
42
41
44
45
45
45
53
48
47
44
46
47
46
44
45
44
147.28.0.39
47
45
44
46
46
45
45
44
46
44
46
45
45
47
45
45
200.160.0.5
42
47
44
46
45
46
45
45
46
45
46
45
46
45
46
45
194.0.17.1
42
46
44
47
44
45
47
44
46
44
46
45
46
51
63
44
194.146.106.10
45
47
45
45
46
46
46
45
44
45
47
45
46
45
45
45
194.0.1.40
41
46
45
46
48
42
45
45
46
45
47
44
45
46
47
44
85.119.5.230
48
48
43
45
46
46
45
45
46
45
45
46
46
45
45
45
2018-05-13 17:19:39.184503
130.59.31.41
175
307
382
231
409
97
301
98
217
511
512
203
307
155
251
305
130.59.31.43
46
44
46
44
45
45
46
45
44
45
48
46
45
46
46
46
147.28.0.39
42
46
42
46
45
48
45
46
45
45
45
46
45
45
46
45
200.160.0.5
41
46
45
46
45
45
48
54
46
45
46
45
45
53
48
49
194.0.17.1
45
46
47
45
45
82
47
48
45
51
45
46
45
47
68
48
194.146.106.10
45
43
46
45
52
45
49
45
44
46
45
45
45
44
47
45
194.0.1.40
42
43
49
45
46
46
46
44
46
45
51
57
46
46
45
47
85.119.5.230
45
44
39
40
47
45
39
40
46
42
43
46
41
46
47
45
