2018-05-12 20:32:42.362213
204.61.216.44
339
357
357
304
410
305
194.42.29.1
41
45
40
63
45
47
194.42.29.16
45
46
43
71
45
47
194.42.20.31
41
46
46
46
45
45
139.91.191.3
47
45
45
45
49
46
204.70.57.242
44
44
49
58
45
45
194.42.1.50
41
47
46
46
45
45
194.42.1.55
42
46
55
47
46
46
202.12.31.53
41
46
46
47
45
47
2018-05-13 11:28:16.886728
204.61.216.44
270
354
305
305
409
305
194.42.29.1
42
45
45
47
45
45
194.42.29.16
44
47
46
45
46
45
194.42.20.31
49
46
48
43
46
45
139.91.191.3
44
46
45
46
45
46
204.70.57.242
43
40
48
46
43
46
194.42.1.50
46
45
47
46
46
51
194.42.1.55
44
40
47
48
46
46
202.12.31.53
47
48
44
46
58
45
2018-05-13 11:42:11.067152
204.61.216.44
339
204
203
203
409
510
194.42.29.1
44
44
46
45
46
46
194.42.29.16
43
45
46
44
46
46
194.42.20.31
42
40
46
46
46
45
139.91.191.3
48
46
44
46
45
48
204.70.57.242
45
46
45
46
45
45
194.42.1.50
46
47
47
45
45
46
194.42.1.55
44
46
45
45
46
45
202.12.31.53
47
47
45
56
46
47
2018-05-13 11:54:47.200285
204.61.216.44
301
303
300
203
409
408
194.42.29.1
44
44
45
47
45
46
194.42.29.16
42
41
54
49
45
46
194.42.20.31
53
42
47
45
46
47
139.91.191.3
43
46
47
45
46
47
204.70.57.242
47
45
47
46
45
46
194.42.1.50
60
47
46
46
44
46
194.42.1.55
43
45
47
45
45
46
202.12.31.53
46
44
46
46
47
45
2018-05-13 12:07:17.671520
204.61.216.44
315
307
305
306
563
372
194.42.29.1
41
46
45
45
45
45
194.42.29.16
41
46
47
44
46
45
194.42.20.31
47
46
45
46
49
45
139.91.191.3
40
40
44
45
45
45
204.70.57.242
42
45
47
44
45
46
194.42.1.50
42
46
45
46
45
46
194.42.1.55
43
47
47
44
46
46
202.12.31.53
45
46
45
46
45
45
2018-05-13 17:19:49.712025
204.61.216.44
441
307
205
201
408
306
194.42.29.1
43
50
46
45
46
46
194.42.29.16
41
47
47
46
46
45
194.42.20.31
46
44
46
45
46
45
139.91.191.3
41
47
45
45
52
45
204.70.57.242
42
50
45
45
46
50
194.42.1.50
45
45
51
43
46
45
194.42.1.55
43
46
46
44
45
47
202.12.31.53
43
46
45
45
46
46
