2018-05-12 20:32:47.329075
194.0.12.1
259
308
305
305
305
203
307
409
303
307
205
306
305
305
306
206
303
203
712
309
306
408
304
203
305
209
301
306
194.0.13.1
41
40
46
46
46
45
46
45
46
46
44
47
48
45
46
41
45
40
46
46
46
46
49
53
46
45
46
41
194.0.14.1
44
45
46
46
45
45
46
45
46
45
46
45
46
51
40
40
46
41
46
45
46
46
45
45
46
46
45
45
193.29.206.1
42
46
46
45
47
45
46
45
49
46
47
44
45
57
45
45
45
45
45
11
64
41
45
46
47
44
45
47
2018-05-13 11:28:21.758768
194.0.12.1
256
311
402
306
306
306
202
408
309
201
303
407
407
304
305
306
304
204
304
306
305
407
203
202
306
305
213
397
194.0.13.1
44
46
46
46
45
45
58
46
45
45
49
52
47
49
45
45
46
46
45
47
46
46
44
45
46
45
46
46
194.0.14.1
42
47
46
47
50
53
46
45
46
47
45
45
45
46
46
47
45
46
46
47
44
46
47
46
45
46
47
46
193.29.206.1
42
46
46
45
46
46
45
45
46
46
46
47
45
47
48
46
44
47
49
46
44
47
45
45
45
47
46
45
2018-05-13 11:42:15.898482
194.0.12.1
244
204
306
305
305
408
204
407
305
306
305
304
305
407
306
305
305
306
408
304
306
319
203
293
304
306
203
306
194.0.13.1
47
48
46
47
45
46
46
44
46
46
48
48
52
46
47
47
51
52
46
46
44
46
46
46
46
45
45
45
194.0.14.1
42
46
45
46
44
47
46
56
48
46
48
45
46
46
46
45
46
45
46
46
45
47
46
46
46
46
46
45
193.29.206.1
47
47
48
43
47
49
45
47
45
46
45
46
56
46
45
58
45
47
47
46
46
49
46
47
45
45
45
57
2018-05-13 11:54:52.278535
194.0.12.1
249
306
304
306
305
393
218
406
307
307
406
305
305
304
306
305
305
305
306
305
306
316
295
305
305
407
204
306
194.0.13.1
41
40
45
45
46
46
48
45
46
47
47
48
48
46
46
45
49
45
46
45
45
46
45
48
42
46
47
48
194.0.14.1
41
47
46
46
45
46
46
45
45
46
46
45
45
46
45
45
45
46
48
45
46
46
46
46
45
45
46
45
193.29.206.1
42
47
46
48
44
45
49
46
45
47
46
48
47
47
47
43
46
46
46
47
47
48
50
50
46
47
50
46
2018-05-13 12:07:22.890510
194.0.12.1
540
306
305
304
306
305
175
546
191
263
200
393
363
305
304
305
304
305
209
298
305
611
408
304
305
305
406
305
194.0.13.1
43
46
47
44
45
46
45
46
47
45
47
44
46
46
46
45
47
45
47
45
46
47
46
46
46
45
46
45
194.0.14.1
46
46
47
49
46
46
46
45
46
45
46
46
45
45
46
45
45
46
47
47
46
49
46
45
48
43
46
45
193.29.206.1
45
47
46
46
45
45
46
47
45
45
46
44
45
45
45
45
46
46
45
46
45
46
47
46
44
49
53
58
2018-05-13 17:19:54.538577
194.0.12.1
193
246
310
301
307
304
203
408
306
305
305
305
307
202
306
192
317
194
213
306
305
340
275
199
309
301
203
306
194.0.13.1
44
45
46
45
45
45
47
46
46
46
44
46
45
46
45
47
44
45
46
45
45
45
47
46
48
46
48
47
194.0.14.1
47
47
47
46
45
46
47
46
46
45
46
48
44
46
46
45
46
48
45
47
47
48
47
46
45
46
45
48
193.29.206.1
46
46
46
45
45
46
46
46
45
47
44
46
46
46
44
46
45
45
46
46
47
50
47
47
45
46
46
46
