2018-05-12 20:33:24.830986
194.0.0.53
239
204
203
205
716
204
203
409
203
203
306
305
408
203
203
204
203
81.91.164.5
45
46
47
46
46
46
47
47
47
46
47
45
45
47
47
46
45
77.67.63.105
46
48
47
47
45
46
47
44
47
45
50
44
46
48
45
48
46
194.146.107.6
49
42
46
46
45
48
47
44
46
45
46
49
46
47
45
46
48
195.243.137.26
45
50
54
47
45
49
43
49
47
46
45
46
45
45
48
45
46
194.246.96.1
42
46
48
45
46
46
47
48
46
47
47
46
52
52
49
48
44
2018-05-13 11:28:34.668004
194.0.0.53
179
305
203
305
714
202
203
408
202
393
320
408
315
295
304
205
203
81.91.164.5
48
54
47
48
47
49
48
45
46
50
52
46
48
47
49
46
47
77.67.63.105
42
47
48
49
43
46
60
49
47
46
46
45
46
45
47
48
46
194.146.107.6
44
46
46
45
46
46
50
47
46
45
48
47
45
46
46
46
46
195.243.137.26
42
46
49
45
48
45
46
47
45
46
46
48
42
49
48
46
48
194.246.96.1
41
47
49
48
45
45
46
49
44
46
48
51
54
46
45
46
45
2018-05-13 11:42:28.912653
194.0.0.53
281
152
254
203
713
211
196
305
204
407
162
313
237
203
211
195
192
81.91.164.5
43
46
46
46
45
46
46
45
45
46
45
46
46
45
46
47
45
77.67.63.105
50
44
45
46
45
46
45
46
45
45
47
46
45
49
45
46
45
194.146.107.6
46
47
48
45
45
51
46
45
50
45
45
46
47
46
45
46
45
195.243.137.26
40
47
49
45
47
43
46
45
46
46
45
45
47
46
45
47
47
194.246.96.1
42
47
48
46
45
52
56
45
62
52
45
46
45
47
48
43
45
2018-05-13 11:55:05.409264
194.0.0.53
49
47
251
306
715
203
204
407
203
306
202
310
301
205
192
217
200
81.91.164.5
44
42
47
46
46
45
45
46
47
45
49
45
46
49
45
47
47
77.67.63.105
42
48
45
48
46
46
50
43
48
50
49
48
43
46
48
47
46
194.146.107.6
44
45
48
46
49
46
46
46
47
45
46
46
53
62
47
47
45
195.243.137.26
41
47
49
47
46
45
46
47
45
45
45
45
45
46
48
46
48
194.246.96.1
45
46
47
47
45
46
45
46
45
45
45
45
45
47
47
46
48
2018-05-13 12:07:36.541252
194.0.0.53
289
403
305
304
918
179
330
305
305
305
305
372
155
178
413
304
305
81.91.164.5
43
45
46
46
46
47
44
46
46
45
46
47
44
46
42
46
48
77.67.63.105
43
46
48
45
45
45
46
45
45
45
45
44
45
46
46
46
49
194.146.107.6
44
44
47
49
44
44
46
47
48
44
45
46
45
47
45
46
48
195.243.137.26
48
47
47
46
45
45
45
47
47
46
45
46
45
46
47
46
45
194.246.96.1
44
47
49
44
46
49
49
44
46
45
46
44
46
48
48
50
44
2018-05-13 17:20:06.762047
194.0.0.53
234
203
202
204
510
203
178
432
306
203
212
400
613
203
818
203
305
81.91.164.5
41
47
46
45
48
47
47
46
47
44
45
45
45
46
46
49
42
77.67.63.105
42
46
46
46
44
47
47
48
46
45
46
46
48
45
47
45
46
194.146.107.6
43
46
46
45
45
46
48
45
46
45
45
47
46
46
45
46
45
195.243.137.26
49
48
42
46
47
46
51
46
47
47
45
45
46
48
47
50
47
194.246.96.1
45
45
46
46
46
45
46
47
45
46
45
46
45
47
47
47
46
