2018-05-12 20:33:34.082930
212.88.78.122
213
406
202
202
204
99
209
309
302
203
204
304
307
208
193.163.102.222
44
45
46
50
45
47
47
45
47
46
47
46
43
48
194.0.46.53
41
43
47
50
48
47
51
46
46
45
43
49
46
46
192.38.7.242
49
45
52
50
43
47
46
46
46
45
44
50
53
48
194.0.47.42
46
47
47
46
46
46
46
46
48
50
45
45
46
44
193.176.144.15
43
45
48
47
52
45
48
49
45
45
47
44
47
47
2018-05-13 11:28:44.434987
212.88.78.122
299
306
203
103
200
306
203
306
305
304
305
307
407
203
193.163.102.222
46
49
47
47
45
46
45
48
45
46
48
48
46
45
194.0.46.53
45
46
48
46
48
48
50
46
45
46
46
46
48
46
192.38.7.242
43
46
46
46
46
48
46
46
47
45
46
46
46
45
194.0.47.42
42
46
49
51
51
47
47
48
46
46
47
69
48
44
193.176.144.15
44
46
45
45
49
47
50
46
46
50
42
55
56
61
2018-05-13 11:42:37.871532
212.88.78.122
370
305
306
306
203
107
299
407
202
203
203
203
408
407
193.163.102.222
44
47
45
46
45
46
47
45
40
40
46
46
47
49
194.0.46.53
41
46
46
46
45
46
49
46
46
48
46
48
45
45
192.38.7.242
44
47
45
46
45
46
46
46
47
48
42
47
46
46
194.0.47.42
44
48
45
46
48
45
49
46
48
46
46
48
46
45
193.176.144.15
41
47
49
45
45
49
46
45
45
51
53
47
49
47
2018-05-13 11:55:14.274071
212.88.78.122
264
304
306
305
203
306
202
307
203
306
214
397
407
204
193.163.102.222
46
46
48
46
45
47
46
48
46
45
45
45
46
46
194.0.46.53
46
47
45
46
46
46
49
48
49
45
46
48
45
45
192.38.7.242
46
46
47
46
48
46
47
48
46
45
46
47
46
47
194.0.47.42
45
47
50
41
46
46
46
47
45
46
45
46
51
51
193.176.144.15
45
46
48
45
46
50
53
49
46
46
48
45
47
48
2018-05-13 12:07:46.775986
212.88.78.122
287
305
304
305
313
297
305
305
305
304
307
408
612
304
193.163.102.222
47
48
47
46
45
46
45
48
45
47
47
45
45
45
194.0.46.53
42
47
52
64
45
48
47
47
46
45
45
46
46
46
192.38.7.242
47
50
50
46
46
48
46
47
44
47
47
45
46
45
194.0.47.42
42
45
50
41
46
46
46
46
46
45
48
45
46
45
193.176.144.15
44
45
46
49
46
46
46
46
47
46
55
62
46
50
2018-05-13 17:20:16.623598
212.88.78.122
183
305
305
203
203
245
263
282
227
306
306
305
408
306
193.163.102.222
49
48
45
46
47
46
45
46
45
46
45
48
46
46
194.0.46.53
45
45
46
47
49
46
46
47
45
45
47
48
46
50
192.38.7.242
44
46
46
48
46
50
44
45
49
45
45
46
46
45
194.0.47.42
50
48
46
46
48
47
46
46
46
46
48
46
48
46
193.176.144.15
49
44
48
46
50
44
48
53
53
46
50
44
47
56
