2018-05-12 20:33:41.223411
194.146.106.110
265
305
306
305
215
396
307
305
305
306
306
305
202
198
204
204.61.216.36
43
48
54
46
46
50
44
46
46
46
48
45
46
47
52
213.184.51.122
48
44
46
46
46
45
45
48
48
43
48
46
45
42
47
193.40.132.5
43
46
46
46
46
46
48
45
49
46
47
46
43
46
48
195.43.87.10
44
44
49
45
46
45
51
64
45
46
46
46
45
47
45
2018-05-13 11:28:52.157208
194.146.106.110
349
306
188
319
306
306
305
305
305
408
304
408
204
407
202
204.61.216.36
44
46
45
47
44
48
46
48
46
45
47
46
46
48
45
213.184.51.122
43
46
52
46
46
54
45
47
74
52
46
50
45
46
48
193.40.132.5
43
46
45
46
46
49
46
48
46
50
46
46
51
45
51
195.43.87.10
43
46
49
46
47
47
45
46
46
46
49
49
50
40
49
2018-05-13 11:42:45.569347
194.146.106.110
236
304
305
308
200
295
323
298
305
305
305
408
311
197
306
204.61.216.36
44
48
44
46
48
46
45
46
56
45
45
46
46
45
46
213.184.51.122
43
47
52
45
47
49
46
50
46
46
46
49
45
45
46
193.40.132.5
43
46
48
46
46
47
48
45
44
47
45
46
47
46
45
195.43.87.10
43
46
50
45
47
48
46
45
46
49
47
45
45
46
45
2018-05-13 11:55:22.016581
194.146.106.110
207
305
305
306
408
407
203
305
306
202
141
139
328
306
303
204.61.216.36
44
47
50
46
48
43
46
46
46
45
52
43
46
45
45
213.184.51.122
43
47
48
46
49
46
46
48
46
55
46
45
45
45
46
193.40.132.5
44
47
49
45
51
53
51
46
45
46
46
48
45
46
49
195.43.87.10
46
45
53
47
49
45
45
46
48
45
48
46
46
48
46
2018-05-13 12:07:55.270824
194.146.106.110
368
306
304
307
305
305
304
307
408
305
305
186
321
306
613
204.61.216.36
45
46
56
50
45
48
48
50
46
44
48
49
43
45
46
213.184.51.122
46
47
48
44
46
46
45
46
48
46
51
50
48
50
45
193.40.132.5
44
48
51
54
45
45
51
45
47
46
47
50
45
51
45
195.43.87.10
45
46
54
44
46
46
46
45
46
45
48
44
49
45
51
2018-05-13 17:20:24.286791
194.146.106.110
229
198
306
306
202
305
233
173
305
306
300
516
203
203
307
204.61.216.36
43
45
47
48
46
46
50
42
46
45
46
45
45
45
49
213.184.51.122
41
47
49
45
46
52
42
46
49
45
45
48
46
47
51
193.40.132.5
45
42
50
46
46
46
46
49
45
46
45
45
48
45
46
195.43.87.10
45
47
49
46
46
46
54
51
46
45
46
46
54
45
46
