2018-05-12 20:33:48.635066
194.69.254.1
418
305
306
202
472
343
205
305
306
304
130.206.1.7
43
55
44
47
45
46
46
45
45
47
204.61.217.1
43
47
48
50
50
44
48
46
46
47
200.1.123.14
44
47
44
48
58
51
49
42
46
45
84.88.0.3
47
54
43
49
50
46
51
52
45
47
192.134.0.49
43
46
46
47
49
50
45
48
46
46
192.5.4.1
43
46
46
49
51
41
45
46
46
46
2018-05-13 11:29:00.073527
194.69.254.1
233
306
211
296
204
595
424
410
202
158
130.206.1.7
45
46
49
49
51
45
46
45
46
46
204.61.217.1
44
47
45
46
47
49
45
46
46
46
200.1.123.14
44
46
47
50
54
46
52
63
46
56
84.88.0.3
43
47
57
51
46
51
45
48
43
46
192.134.0.49
47
47
48
47
46
48
49
45
47
49
192.5.4.1
47
55
45
47
47
47
45
46
46
47
2018-05-13 11:42:53.200902
194.69.254.1
404
409
104
360
450
408
303
306
305
203
130.206.1.7
49
51
45
47
53
44
47
48
50
41
204.61.217.1
46
46
45
48
45
46
53
46
46
50
200.1.123.14
45
46
46
46
46
46
46
46
45
47
84.88.0.3
42
52
43
47
47
46
47
49
46
53
192.134.0.49
44
48
51
49
46
45
47
45
46
46
192.5.4.1
46
48
50
48
47
50
45
45
49
42
2018-05-13 11:55:29.538892
194.69.254.1
412
199
237
203
203
612
203
306
204
305
130.206.1.7
43
48
47
47
48
48
54
54
63
48
204.61.217.1
48
45
45
47
45
47
52
50
46
46
200.1.123.14
44
47
45
46
49
45
45
45
48
43
84.88.0.3
47
45
45
50
52
46
47
46
49
45
192.134.0.49
44
47
45
47
46
47
43
46
48
48
192.5.4.1
47
46
52
47
46
46
46
51
46
47
2018-05-13 12:08:03.538816
194.69.254.1
287
510
63
357
407
922
302
305
372
239
130.206.1.7
47
44
45
48
46
49
46
47
43
47
204.61.217.1
45
47
46
54
45
46
47
46
55
46
200.1.123.14
45
46
47
49
47
48
53
45
46
52
84.88.0.3
43
47
49
47
47
49
46
53
45
47
192.134.0.49
43
48
44
48
49
45
47
49
46
55
192.5.4.1
43
47
55
52
46
52
44
46
53
48
2018-05-13 17:20:31.575668
194.69.254.1
212
305
203
305
408
919
305
407
305
204
130.206.1.7
44
48
44
47
46
46
46
46
47
46
204.61.217.1
42
46
45
47
54
52
45
45
54
50
200.1.123.14
44
46
45
46
50
42
55
49
46
50
84.88.0.3
48
53
45
47
46
45
46
45
46
57
192.134.0.49
44
48
44
57
46
55
51
46
45
46
192.5.4.1
45
47
56
51
46
45
47
46
46
50
