2018-05-12 20:33:55.155260
193.166.4.1
226
305
304
306
305
306
304
400
212
307
308
303
203
194.146.106.26
45
49
49
46
45
47
50
46
45
49
45
47
46
194.0.11.104
51
42
47
45
45
46
47
44
47
48
58
43
47
77.72.229.253
43
46
46
57
50
46
46
50
45
55
76
42
46
194.0.1.14
45
46
46
49
46
46
51
55
56
53
46
53
45
87.239.127.198
45
45
57
49
46
46
49
44
48
46
45
46
46
204.61.216.98
45
45
46
48
50
48
58
48
47
44
48
45
46
87.239.120.11
44
50
43
45
46
47
44
47
51
44
46
51
53
162.88.44.1
44
46
47
47
46
47
46
49
46
45
46
51
46
2018-05-13 11:29:06.566102
193.166.4.1
287
305
233
275
306
205
302
415
298
407
305
312
196
194.146.106.26
43
47
48
46
46
45
47
59
49
46
46
51
41
194.0.11.104
43
47
47
48
45
48
51
46
56
45
46
46
46
77.72.229.253
45
46
46
46
60
43
47
55
50
49
51
45
46
194.0.1.14
42
56
46
46
46
48
46
57
46
49
46
46
50
87.239.127.198
44
46
52
46
46
47
50
46
45
47
56
46
45
204.61.216.98
45
46
45
47
47
46
46
48
46
57
50
46
46
87.239.120.11
44
46
46
47
46
46
46
47
45
47
56
55
51
162.88.44.1
47
46
49
46
46
47
46
48
46
45
53
49
47
2018-05-13 11:42:59.872705
193.166.4.1
483
108
296
306
510
305
306
408
306
306
305
306
305
194.146.106.26
45
48
51
46
45
46
46
50
46
47
55
46
46
194.0.11.104
43
47
50
47
46
49
46
45
55
49
46
46
46
77.72.229.253
45
44
56
47
46
49
45
46
46
45
45
46
50
194.0.1.14
45
46
50
45
46
45
46
45
47
46
45
56
47
87.239.127.198
51
45
50
47
46
46
46
46
45
46
45
46
46
204.61.216.98
46
60
56
46
45
48
47
45
56
47
46
46
47
87.239.120.11
43
47
50
46
51
75
48
44
53
45
57
70
46
162.88.44.1
49
47
50
46
46
46
47
45
62
57
46
47
47
2018-05-13 11:55:35.869407
193.166.4.1
355
304
306
207
401
203
241
370
310
300
306
305
179
194.146.106.26
45
46
45
48
49
47
46
48
45
47
45
46
46
194.0.11.104
42
47
57
47
46
51
49
46
48
45
49
45
47
77.72.229.253
43
46
50
47
45
46
47
48
45
46
47
55
45
194.0.1.14
45
47
46
50
45
56
47
44
47
50
46
45
47
87.239.127.198
44
47
45
46
57
48
43
46
49
49
46
49
50
204.61.216.98
47
47
45
47
47
56
47
46
46
47
51
46
46
87.239.120.11
46
47
50
46
49
54
46
46
46
45
46
45
45
162.88.44.1
47
47
46
46
46
49
50
56
45
45
52
42
47
2018-05-13 12:08:15.865650
193.166.4.1
322
305
314
296
612
306
305
612
306
305
305
306
304
194.146.106.26
47
47
55
52
44
47
49
46
55
44
46
45
46
194.0.11.104
42
46
55
42
48
49
47
46
50
46
46
50
51
77.72.229.253
49
46
49
46
55
48
44
88
69
51
48
55
51
194.0.1.14
49
48
51
45
47
52
46
45
44
47
49
45
47
87.239.127.198
42
51
42
51
47
44
47
45
47
44
46
49
46
204.61.216.98
42
46
46
46
47
45
46
46
45
45
46
51
45
87.239.120.11
44
47
46
46
46
46
48
46
46
46
48
46
47
162.88.44.1
49
45
46
47
49
49
45
45
47
59
48
44
46
2018-05-13 17:20:38.621874
193.166.4.1
302
210
305
203
408
306
306
407
305
305
305
217
291
194.146.106.26
49
49
54
47
47
50
45
47
44
46
46
46
46
194.0.11.104
78
45
47
49
45
46
46
56
46
46
46
58
48
77.72.229.253
45
47
47
57
46
46
46
46
47
44
46
46
56
194.0.1.14
44
47
46
48
51
47
52
51
47
45
46
47
46
87.239.127.198
49
46
46
47
47
49
46
48
47
59
48
46
48
204.61.216.98
43
47
46
46
48
61
47
45
46
48
45
59
43
87.239.120.11
44
48
45
47
51
46
46
45
48
48
46
46
53
162.88.44.1
42
48
45
56
47
59
46
47
57
45
46
45
56
