2018-05-12 20:34:04.485301
192.5.4.2
240
306
304
203
203
203
306
104
109
297
200
203
203
311
300
305
202
203
210
298
194.0.9.1
45
47
51
51
46
50
50
45
51
48
57
47
45
46
45
46
47
45
47
46
193.176.144.22
46
46
48
47
47
48
44
45
46
50
46
46
52
50
49
48
47
56
50
45
194.146.106.46
47
46
51
47
45
46
48
51
47
46
49
53
46
55
47
45
46
46
47
45
194.0.36.1
49
52
52
47
46
47
47
45
50
46
55
72
57
62
51
46
46
47
46
45
2018-05-13 11:29:16.122935
192.5.4.2
238
109
297
203
117
192
102
197
111
193
203
223
388
209
300
406
306
306
205
306
194.0.9.1
43
47
45
46
46
46
46
46
46
46
46
46
46
45
49
48
46
46
46
46
193.176.144.22
44
46
48
44
46
45
47
52
62
46
48
48
46
47
50
47
44
46
46
45
194.146.106.46
43
46
49
45
47
45
48
45
46
46
45
49
47
45
46
47
56
59
46
45
194.0.36.1
42
47
49
45
46
46
47
46
46
47
45
46
45
46
50
47
46
46
50
41
2018-05-13 11:43:09.960043
192.5.4.2
102
231
306
201
116
291
306
304
110
193
107
300
203
306
204
306
204
101
205
306
194.0.9.1
43
47
46
47
45
46
46
45
46
46
46
45
46
46
53
62
45
47
47
46
193.176.144.22
43
47
45
48
46
46
47
47
48
46
46
46
46
46
46
48
50
46
57
46
194.146.106.46
41
47
48
46
46
46
46
46
56
46
46
45
47
56
47
51
44
46
51
47
194.0.36.1
43
47
45
50
47
46
47
54
44
46
51
52
46
45
46
45
47
55
51
45
2018-05-13 11:55:45.422524
192.5.4.2
104
298
268
199
169
174
176
230
305
316
106
186
111
398
203
304
309
199
202
312
194.0.9.1
44
48
46
46
46
47
50
44
46
46
48
46
46
46
46
46
46
48
44
49
193.176.144.22
44
47
46
46
45
46
46
45
46
43
48
47
45
46
60
47
47
46
45
47
194.146.106.46
50
47
46
45
56
50
47
56
46
47
57
46
45
46
46
46
46
47
61
53
194.0.36.1
43
46
45
52
46
46
46
57
46
48
48
47
46
58
47
45
46
47
45
45
2018-05-13 12:08:26.243573
192.5.4.2
333
107
404
104
105
302
308
308
308
409
308
220
292
617
305
411
410
307
307
307
194.0.9.1
47
49
59
52
47
56
46
46
58
42
46
47
60
49
45
46
51
51
46
60
193.176.144.22
45
48
50
45
46
46
47
45
47
60
47
47
45
47
46
48
45
46
46
47
194.146.106.46
43
48
50
48
45
48
46
65
41
47
61
48
45
46
47
67
48
45
59
47
194.0.36.1
48
52
45
46
46
56
48
46
46
46
46
46
46
47
51
46
46
45
46
46
2018-05-13 17:20:48.356270
192.5.4.2
131
203
258
106
245
203
203
202
306
203
305
305
378
336
204
304
203
203
114
393
194.0.9.1
48
47
46
46
45
46
46
47
46
47
46
58
48
46
49
53
48
45
46
47
193.176.144.22
46
47
46
45
46
56
46
46
46
46
45
47
51
47
45
46
47
55
47
46
194.146.106.46
45
47
53
40
45
46
46
46
56
47
45
46
46
47
46
47
46
46
51
46
194.0.36.1
49
47
56
46
45
47
44
45
47
62
51
46
46
45
46
48
46
59
53
46
