2018-05-12 20:34:13.488879
139.91.191.3
338
305
307
218
391
407
203
243
470
204
305
305
1022
304
408
303
307
305
306
110
193
304
306
204
203
617
320
178
496
633
919
202
78.104.145.227
49
48
49
46
53
49
49
49
48
44
47
47
46
45
45
47
52
45
74
53
43
49
43
46
46
47
46
45
46
46
57
49
194.0.1.25
48
45
47
45
49
45
46
46
46
45
46
46
53
50
51
45
46
51
48
45
46
46
45
47
57
52
46
46
46
46
47
51
194.0.11.102
45
45
48
44
46
45
46
45
46
45
46
46
46
45
46
46
46
45
46
48
45
47
46
45
45
51
43
48
54
46
47
69
194.0.4.10
45
45
46
46
45
49
42
46
46
46
54
48
47
45
49
43
48
45
46
47
45
42
46
46
46
53
49
43
44
47
51
48
139.91.1.1
45
45
48
45
45
46
51
44
46
46
45
48
44
47
45
50
44
45
47
51
51
46
46
50
45
59
41
47
44
45
41
50
2018-05-13 11:29:24.835350
139.91.191.3
253
303
307
201
408
204
204
203
510
305
203
920
305
203
203
306
202
305
202
102
408
202
203
306
202
205
224
797
407
215
292
203
78.104.145.227
43
47
63
50
45
53
50
45
48
70
45
46
46
44
46
45
46
45
48
49
47
46
61
48
49
56
47
47
56
45
49
54
194.0.1.25
48
51
46
44
46
47
47
52
52
49
44
45
49
66
71
54
51
44
47
56
50
45
43
46
45
61
60
46
58
46
47
60
194.0.11.102
44
46
46
45
46
45
46
46
49
46
46
45
45
46
46
47
45
53
50
50
47
56
45
47
56
47
61
56
42
51
46
45
194.0.4.10
42
46
50
46
64
49
47
45
45
46
45
46
46
56
46
46
50
45
47
65
59
46
46
46
48
48
57
47
46
61
52
46
139.91.1.1
44
46
56
45
46
56
47
44
55
48
47
46
56
46
48
46
46
46
46
51
45
45
51
53
46
48
46
54
47
47
66
47
2018-05-13 11:43:18.716487
139.91.191.3
263
305
251
153
409
207
200
203
304
305
203
213
295
204
305
408
408
305
202
106
199
314
195
406
329
214
273
226
282
306
305
203
78.104.145.227
45
47
49
46
45
44
46
47
56
49
45
44
46
46
47
49
48
63
47
46
48
52
50
46
46
50
46
47
46
324
53
46
194.0.1.25
46
46
58
46
47
44
46
45
46
47
48
61
50
45
47
47
46
45
46
46
46
42
45
46
45
46
46
55
47
379
54
45
194.0.11.102
48
69
44
45
47
55
46
45
48
43
46
45
46
45
46
46
47
66
52
42
47
45
46
46
46
47
45
46
47
47
48
43
194.0.4.10
43
46
46
46
45
48
45
46
46
46
45
48
47
45
45
46
55
46
62
51
46
45
45
47
45
46
60
46
45
46
46
48
139.91.1.1
44
46
48
47
46
56
41
45
56
47
46
64
48
45
46
49
51
45
46
47
46
53
49
46
47
53
58
50
46
47
47
46
2018-05-13 11:55:54.388181
139.91.191.3
267
222
286
210
300
305
239
373
306
304
206
202
1028
306
204
307
307
296
177
119
222
203
206
204
306
204
307
203
204
306
204
204
78.104.145.227
48
54
48
56
64
48
46
46
46
46
48
45
46
46
49
44
47
64
49
47
59
46
61
46
47
47
63
49
45
356
61
52
194.0.1.25
51
64
50
47
57
47
46
45
46
48
46
50
48
46
46
46
59
47
48
47
46
49
56
48
45
46
53
50
45
54
63
47
194.0.11.102
45
46
58
45
46
46
63
51
46
45
46
46
47
63
50
58
65
49
46
48
46
57
46
46
46
61
54
58
45
51
43
48
194.0.4.10
46
47
58
46
47
46
58
47
46
49
46
48
54
48
46
47
63
49
46
51
51
47
49
45
48
44
47
47
48
56
44
49
139.91.1.1
45
46
71
48
45
60
49
45
46
46
45
46
69
48
45
46
58
47
46
47
45
46
45
47
58
46
46
57
44
51
55
48
2018-05-13 12:08:36.886428
139.91.191.3
506
306
308
311
612
306
315
299
520
401
306
923
1539
614
307
305
306
307
306
104
406
305
306
306
307
306
306
307
305
306
306
511
78.104.145.227
48
46
56
48
47
60
48
46
46
49
46
46
57
45
47
56
46
46
50
46
46
54
46
47
54
46
46
46
47
307
51
46
194.0.1.25
43
47
55
49
47
46
46
46
47
56
45
46
55
46
45
47
60
47
46
46
45
46
45
56
45
49
55
46
45
46
47
50
194.0.11.102
44
46
48
47
46
45
47
65
48
45
47
55
46
46
56
48
45
60
42
45
46
46
45
56
50
47
55
45
47
51
46
56
194.0.4.10
48
46
48
46
47
46
57
41
46
63
50
46
57
50
47
45
46
52
46
46
48
46
47
47
47
66
47
46
46
45
46
49
139.91.1.1
43
47
47
55
47
48
48
46
46
58
45
46
56
45
46
50
46
46
58
48
59
78
46
61
51
51
52
45
46
56
44
44
2018-05-13 17:20:57.450380
139.91.191.3
205
305
305
408
255
252
305
919
1535
305
202
203
225
181
306
304
202
306
306
110
193
306
203
305
305
305
1022
203
203
305
202
170
78.104.145.227
44
47
46
46
46
46
49
46
46
45
47
45
48
54
49
54
45
46
45
47
46
50
45
47
58
47
46
46
47
299
57
50
194.0.1.25
48
52
52
46
45
47
56
45
46
50
45
46
48
43
47
59
47
46
53
50
46
57
46
46
45
46
45
48
51
254
63
46
194.0.11.102
46
46
55
51
48
46
45
49
45
46
45
47
56
45
46
56
46
54
51
46
58
54
53
47
47
47
64
48
49
43
47
58
194.0.4.10
45
46
47
46
46
57
44
47
58
50
46
48
47
46
56
49
48
47
46
46
45
48
53
45
46
50
47
45
58
46
45
50
139.91.1.1
46
45
46
46
50
47
46
45
46
46
45
46
47
52
52
46
46
46
46
70
51
46
62
50
46
46
66
53
48
47
45
47
