2018-05-12 20:34:33.071191
161.53.160.100
744
302
409
408
204
95
211
307
306
306
203
92
213
204
96
311
303
100
204
203
408
123
385
616
204.61.216.90
46
45
46
59
49
46
44
49
45
58
79
46
47
60
45
46
46
46
45
46
45
47
48
54
192.5.4.1
44
43
46
46
46
45
46
47
48
48
58
49
49
58
44
43
60
44
46
48
46
60
53
50
2018-05-13 11:29:42.838656
161.53.160.100
236
296
212
64
241
110
290
204
62
252
193
62
101
67
175
407
408
203
510
818
408
306
305
1125
204.61.216.90
46
46
59
47
59
78
44
46
46
45
46
69
48
46
45
47
46
48
44
47
57
44
50
54
192.5.4.1
44
46
46
58
45
46
49
47
46
47
45
57
48
45
46
59
47
46
46
46
59
46
46
47
2018-05-13 11:43:36.129453
161.53.160.100
502
65
240
63
139
409
202
203
203
221
186
66
238
203
203
305
212
194
203
203
306
199
206
306
204.61.216.90
48
46
46
46
45
60
45
46
51
46
44
46
52
42
45
46
46
48
54
45
46
46
48
44
192.5.4.1
43
46
46
57
51
45
46
48
45
46
46
45
46
48
48
45
45
46
46
46
46
47
50
45
2018-05-13 11:56:12.288891
161.53.160.100
368
61
243
203
319
192
61
244
204
408
203
409
107
63
54
384
307
69
235
310
303
205
304
203
204.61.216.90
51
47
48
65
44
47
57
45
46
51
47
55
42
46
46
63
42
48
57
45
47
49
49
47
192.5.4.1
49
57
48
46
54
42
68
48
53
50
46
47
49
45
49
46
47
61
45
44
47
46
57
45
2018-05-13 12:08:58.527681
161.53.160.100
479
288
299
313
306
316
56
341
305
306
306
306
305
306
65
855
306
408
216
302
296
304
306
306
204.61.216.90
44
46
57
46
46
59
51
50
42
46
46
64
61
45
46
46
45
47
45
46
45
43
47
48
192.5.4.1
48
45
47
45
46
47
46
45
46
46
56
46
47
57
59
47
45
46
46
47
46
48
42
46
2018-05-13 17:21:17.135566
161.53.160.100
420
308
305
69
341
301
68
325
66
251
69
59
278
62
242
407
146
141
324
116
392
203
305
204
204.61.216.90
48
45
46
46
46
46
63
46
45
47
62
47
47
60
45
45
47
48
44
45
46
57
47
45
192.5.4.1
45
46
46
46
62
55
42
46
45
46
45
49
46
46
49
45
46
45
48
45
46
47
69
47
