2018-05-12 20:34:42.491577
193.239.148.1
317
306
408
203
312
300
307
203
306
410
307
322
288
200
306
307
304
305
305
308
199
291
319
307
306
304
193.239.149.161
43
47
44
55
44
47
45
45
46
46
47
44
46
47
46
47
44
61
45
45
50
61
45
45
55
40
193.6.16.1
47
47
50
46
45
63
46
46
46
46
56
49
45
46
48
46
46
48
44
45
50
48
54
45
61
45
195.70.35.250
46
46
42
46
46
48
47
46
46
46
46
46
46
48
46
45
63
45
46
49
46
46
45
48
61
44
194.0.25.11
46
48
51
61
48
46
62
47
46
62
54
51
46
46
45
46
46
49
45
46
49
46
48
50
46
44
194.0.1.12
52
42
46
50
46
48
44
52
48
46
44
49
46
61
45
49
44
46
46
63
50
46
46
46
45
46
192.93.0.4
48
43
46
46
43
46
45
46
50
43
46
46
48
44
46
47
46
45
46
48
45
45
45
46
47
43
2018-05-13 11:29:52.648786
193.239.148.1
348
306
408
203
305
307
203
188
319
408
305
306
305
306
306
306
510
305
305
305
203
304
306
272
236
306
193.239.149.161
47
48
73
49
46
46
47
59
46
47
50
47
52
57
51
57
57
47
46
60
49
46
56
49
46
46
193.6.16.1
46
51
46
46
46
46
49
47
49
66
46
46
63
52
62
46
46
63
48
46
46
56
48
46
46
46
195.70.35.250
48
46
47
47
49
46
45
46
46
47
45
46
46
46
48
46
45
46
44
45
46
46
45
46
46
46
194.0.25.11
46
47
44
45
46
45
46
46
48
55
46
48
46
46
45
46
46
46
50
44
47
45
47
45
47
51
194.0.1.12
44
46
46
50
46
50
48
51
53
45
46
50
46
62
52
46
46
63
50
56
45
46
49
52
46
51
192.93.0.4
46
60
55
52
42
46
56
47
46
48
57
47
49
55
44
46
65
51
47
47
56
47
44
59
49
47
2018-05-13 11:43:43.946825
193.239.148.1
271
203
402
209
306
306
305
203
307
408
306
205
306
203
306
203
305
307
305
211
211
292
305
408
306
306
193.239.149.161
48
58
48
46
50
46
46
49
45
46
46
47
47
46
46
52
50
46
47
71
48
48
45
48
56
47
193.6.16.1
45
46
47
62
47
44
56
47
45
48
50
52
44
46
49
62
45
51
57
55
50
63
48
46
45
46
195.70.35.250
50
70
54
46
45
47
63
50
46
46
46
64
54
46
53
50
50
48
46
45
45
47
45
46
45
46
194.0.25.11
44
46
57
47
45
46
46
46
46
46
46
59
46
46
46
46
46
65
55
47
52
46
71
48
47
54
194.0.1.12
47
48
43
45
47
63
50
46
46
45
46
47
59
53
52
46
46
46
46
47
61
62
46
45
46
49
192.93.0.4
46
46
45
46
46
47
45
45
46
46
46
46
47
48
45
51
41
47
61
45
46
67
49
46
57
70
2018-05-13 11:56:20.476075
193.239.148.1
306
307
407
205
306
1024
306
202
306
409
305
203
229
300
286
306
407
308
304
318
193
306
305
421
293
306
193.239.149.161
50
54
49
45
46
50
53
46
68
48
47
45
46
60
46
46
47
45
46
46
45
55
59
47
46
48
193.6.16.1
46
47
47
46
46
47
47
45
46
43
49
47
70
53
55
48
46
48
58
46
47
57
46
45
56
40
195.70.35.250
50
55
46
45
46
49
45
51
52
48
61
52
45
46
60
45
50
45
48
47
62
51
45
46
51
48
194.0.25.11
48
47
48
46
46
48
43
47
47
51
51
46
46
63
51
46
46
52
51
55
49
46
46
62
46
47
194.0.1.12
48
46
47
46
46
51
42
46
49
50
49
43
49
46
73
51
55
49
46
47
57
52
44
46
48
46
192.93.0.4
44
47
60
45
46
58
46
45
46
46
46
52
50
46
46
45
46
46
46
46
51
47
51
53
45
47
2018-05-13 12:09:08.803961
193.239.148.1
397
410
509
305
306
306
306
315
296
357
255
305
306
306
306
313
605
396
319
315
296
306
306
305
306
306
193.239.149.161
46
47
56
46
46
48
54
45
47
46
46
46
46
59
45
56
77
55
65
46
48
50
48
47
70
54
193.6.16.1
47
74
44
45
47
46
46
55
46
46
46
52
46
46
58
47
47
65
47
47
63
53
47
44
46
49
195.70.35.250
49
46
63
39
46
47
45
46
45
46
46
47
50
56
46
46
46
46
45
46
45
46
64
45
46
61
194.0.25.11
53
53
47
49
43
64
50
45
46
46
45
46
46
51
45
46
59
48
47
61
46
46
46
45
46
66
194.0.1.12
43
47
46
46
48
46
47
44
47
62
40
46
46
47
47
46
46
50
47
46
46
47
44
56
52
46
192.93.0.4
43
47
57
46
46
46
51
62
50
46
46
46
50
54
49
47
45
46
58
45
46
46
45
47
65
49
2018-05-13 17:21:25.232311
193.239.148.1
179
305
344
118
256
298
206
202
211
328
204
188
283
208
307
214
311
188
304
305
135
271
306
305
203
182
193.239.149.161
43
50
46
45
46
46
46
45
46
52
56
45
46
60
63
56
46
45
47
46
47
46
46
46
46
63
193.6.16.1
48
47
46
47
65
49
45
46
47
48
61
51
46
47
59
49
53
55
46
50
46
46
45
46
53
47
195.70.35.250
45
47
46
46
45
52
51
47
57
50
48
49
47
48
48
45
46
74
64
49
46
46
76
48
46
46
194.0.25.11
46
46
53
45
46
46
48
45
46
46
46
43
47
46
46
47
48
46
51
45
45
46
46
68
47
46
194.0.1.12
49
44
56
47
44
46
47
55
49
47
46
64
46
46
47
50
48
48
46
45
56
49
45
46
45
45
192.93.0.4
44
46
46
54
47
49
65
50
45
46
55
47
46
47
67
46
46
46
45
47
44
46
46
48
46
47
