2018-05-12 20:34:58.127383
77.72.72.44
366
204
207
203
304
311
200
204
315
198
201
407
77.72.72.34
47
48
48
48
44
46
47
50
49
47
131
56
194.146.106.98
43
46
55
43
46
46
53
42
46
46
360
47
77.72.229.245
46
42
50
44
47
45
51
66
48
44
104
46
199.19.2.1
45
49
43
45
45
46
46
59
45
46
306
75
199.19.3.1
44
45
46
47
46
52
50
46
46
45
227
44
192.111.39.100
46
48
63
53
44
46
51
46
46
46
220
67
192.93.0.4
44
46
66
48
46
46
70
40
46
45
192
77
2018-05-13 11:30:08.781796
77.72.72.44
262
305
204
203
305
203
203
112
193
202
203
512
77.72.72.34
44
55
40
45
53
50
45
46
63
47
102
63
194.146.106.98
46
47
57
46
46
46
52
50
47
45
327
67
77.72.229.245
44
64
53
62
52
45
48
45
56
54
280
72
199.19.2.1
51
49
57
46
51
44
63
51
48
43
246
64
199.19.3.1
47
46
64
49
46
46
49
47
46
58
338
65
192.111.39.100
46
50
46
45
48
47
48
47
46
46
240
85
192.93.0.4
52
47
46
47
46
65
49
45
46
65
109
66
2018-05-13 11:43:59.595338
77.72.72.44
272
205
213
103
298
197
203
202
203
203
203
408
77.72.72.34
45
46
57
45
47
56
46
47
59
45
335
66
194.146.106.98
49
49
48
50
46
46
47
46
46
46
104
65
77.72.229.245
44
46
46
45
46
46
48
45
46
46
271
62
199.19.2.1
47
46
47
46
60
56
44
46
46
48
234
62
199.19.3.1
44
46
46
49
45
45
46
46
67
49
101
77
192.111.39.100
48
58
49
44
46
45
46
47
45
46
115
62
192.93.0.4
48
64
54
73
71
50
51
42
70
60
222
67
2018-05-13 11:56:37.268216
77.72.72.44
199
203
202
109
298
203
211
140
257
203
306
312
77.72.72.34
50
56
64
50
52
53
52
46
45
47
190
65
194.146.106.98
53
59
51
46
65
49
46
80
44
46
356
67
77.72.229.245
48
49
49
46
46
46
52
56
51
47
307
69
199.19.2.1
43
63
46
47
48
46
70
56
46
45
293
55
199.19.3.1
44
47
49
46
45
45
49
52
41
48
134
74
192.111.39.100
43
57
49
46
47
46
78
48
62
52
122
69
192.93.0.4
46
54
43
45
46
70
46
46
45
46
230
67
2018-05-13 12:09:25.889675
77.72.72.44
621
305
166
445
308
307
239
675
304
408
306
512
77.72.72.34
48
60
47
46
57
45
46
46
45
46
330
81
194.146.106.98
45
46
45
46
50
48
53
46
56
68
269
57
77.72.229.245
48
45
65
49
45
46
58
47
46
70
119
72
199.19.2.1
44
48
50
47
46
59
47
46
63
48
558
74
199.19.3.1
43
59
49
45
57
45
47
49
46
63
257
64
192.111.39.100
47
57
47
66
48
46
46
48
45
47
334
74
192.93.0.4
44
47
47
66
47
46
46
54
48
46
315
74
2018-05-13 17:21:39.780594
77.72.72.44
403
305
203
203
305
203
204
114
188
247
262
408
77.72.72.34
50
56
50
45
46
46
46
46
46
44
149
68
194.146.106.98
44
47
47
46
46
45
46
48
46
45
231
65
77.72.229.245
49
46
46
46
71
48
47
63
52
44
286
47
199.19.2.1
48
46
46
46
46
46
46
46
46
45
283
87
199.19.3.1
45
46
46
46
45
46
46
58
47
48
191
65
192.111.39.100
48
49
43
46
46
45
42
46
46
43
266
44
192.93.0.4
50
47
48
45
46
46
47
45
47
49
104
46
