2018-05-12 20:35:08.641944
193.189.123.2
493
319
406
409
509
409
1023
512
410
287
290
188
357
193.189.122.83
46
43
51
47
47
55
45
46
51
48
44
46
46
193.0.9.85
43
52
56
47
45
45
50
46
48
44
46
46
46
193.171.255.77
50
59
45
45
46
46
57
45
46
47
48
46
45
2018-05-13 11:30:19.378300
193.189.123.2
477
1022
305
407
520
397
818
408
306
305
510
204
306
193.189.122.83
69
47
52
50
46
46
51
47
45
69
46
47
78
193.0.9.85
45
56
74
46
51
45
51
44
48
48
82
54
47
193.171.255.77
59
46
46
78
48
46
48
67
45
46
46
46
45
2018-05-13 11:44:09.776875
193.189.123.2
395
966
304
539
584
510
613
409
407
203
408
124
281
193.189.122.83
52
51
52
47
45
45
46
51
51
47
47
44
47
193.0.9.85
45
44
47
46
46
45
49
42
46
45
50
43
53
193.171.255.77
45
46
57
47
46
46
46
45
47
45
47
45
46
2018-05-13 11:56:47.385589
193.189.123.2
243
300
67
252
496
304
614
464
354
304
1126
307
407
193.189.122.83
44
46
49
47
44
46
46
49
46
47
47
48
47
193.0.9.85
44
47
46
46
46
43
52
45
48
43
48
47
64
193.171.255.77
46
63
49
50
69
46
46
49
46
46
46
45
45
2018-05-13 12:09:39.007793
193.189.123.2
436
495
341
170
508
305
682
235
305
1331
306
408
613
193.189.122.83
45
48
54
46
46
48
46
46
48
47
63
50
46
193.0.9.85
48
46
45
46
46
46
49
48
52
51
54
59
46
193.171.255.77
46
46
45
49
47
44
46
50
45
47
46
48
46
2018-05-13 17:21:49.909480
193.189.123.2
440
305
408
203
408
308
638
378
306
306
407
204
305
193.189.122.83
47
47
56
45
50
62
53
45
50
50
48
50
45
193.0.9.85
47
46
48
47
56
46
45
48
46
58
46
46
46
193.171.255.77
47
69
47
48
46
46
46
47
43
48
46
46
49
