2018-05-12 20:35:16.394299
204.61.216.116
335
305
408
213
396
407
305
307
203
305
120
183
305
307
203
307
306
130.208.16.20
50
48
58
45
43
47
45
47
49
46
64
45
47
44
48
46
49
193.4.58.51
44
46
49
49
51
56
53
45
48
46
46
45
47
50
70
146
158
194.146.106.58
160
47
48
46
46
50
49
43
44
46
51
45
49
47
46
46
48
192.5.4.1
49
45
51
46
51
43
51
49
45
53
42
54
43
47
47
54
41
192.36.125.2
46
45
45
45
48
56
54
49
49
43
44
46
52
48
47
47
60
2018-05-13 11:30:27.857473
204.61.216.116
315
305
306
410
1755
204
307
510
306
307
408
306
307
204
306
408
102
130.208.16.20
47
46
47
50
46
46
45
47
57
45
57
70
47
46
56
41
45
193.4.58.51
45
45
46
48
46
46
51
46
52
47
46
59
48
48
44
46
46
194.146.106.58
45
47
57
46
45
47
63
49
46
47
46
60
48
46
72
47
46
192.5.4.1
60
50
46
45
46
44
46
50
50
83
47
46
47
45
47
69
47
192.36.125.2
48
50
48
47
48
48
80
46
48
48
46
46
50
50
49
60
46
2018-05-13 11:44:17.603316
204.61.216.116
381
305
305
306
622
399
306
203
306
203
305
407
306
305
306
306
113
130.208.16.20
46
45
50
45
46
45
46
48
46
45
46
45
46
52
50
46
77
193.4.58.51
45
49
44
48
46
49
46
46
66
47
47
73
49
46
57
51
53
194.146.106.58
49
48
48
47
44
46
46
51
53
46
46
47
44
46
46
52
51
192.5.4.1
50
48
46
46
46
45
48
44
46
47
46
47
45
45
46
46
47
192.36.125.2
46
47
45
49
46
81
46
46
47
71
49
43
45
48
46
46
50
2018-05-13 11:56:54.780703
204.61.216.116
354
268
408
408
612
309
303
203
306
408
408
306
409
305
206
296
231
130.208.16.20
50
53
51
49
43
46
46
61
54
49
42
46
48
46
65
49
49
193.4.58.51
44
47
55
46
45
47
68
46
46
46
47
46
47
46
48
46
47
194.146.106.58
46
46
46
46
45
51
61
50
46
46
46
48
46
49
70
46
46
192.5.4.1
55
60
51
46
63
51
45
48
45
45
47
72
48
46
46
229
70
192.36.125.2
45
45
74
46
47
46
57
47
45
45
49
74
42
68
47
45
47
2018-05-13 12:09:47.298567
204.61.216.116
415
1230
612
627
2136
612
305
613
306
613
305
613
309
302
306
612
305
130.208.16.20
46
48
66
47
46
47
66
47
46
45
46
46
65
45
46
45
46
193.4.58.51
44
46
46
52
45
49
55
47
47
59
45
47
64
49
51
53
46
194.146.106.58
43
47
46
46
46
57
46
46
49
45
50
42
45
57
48
51
52
192.5.4.1
42
53
49
46
72
46
45
48
68
46
43
46
69
46
46
47
67
192.36.125.2
46
46
47
58
48
45
46
48
49
46
45
48
43
74
77
516
78
2018-05-13 17:21:56.758027
204.61.216.116
290
355
306
202
511
305
305
304
202
306
306
308
303
305
348
161
189
130.208.16.20
45
53
52
45
46
45
46
46
64
49
46
46
64
50
49
42
50
193.4.58.51
44
46
46
79
50
46
66
51
43
57
59
46
46
46
63
47
47
194.146.106.58
57
44
47
45
46
46
68
47
45
45
46
48
47
47
62
51
46
192.5.4.1
44
47
62
46
46
65
47
46
63
49
47
56
53
47
46
47
45
192.36.125.2
45
46
46
46
48
45
46
46
47
47
48
47
46
45
46
46
44
