2018-05-12 20:35:31.122242
194.0.16.215
350
304
304
306
306
406
319
292
329
283
306
409
306
307
402
313
305
307
305
203
192.12.192.5
48
47
59
48
46
48
44
52
46
54
46
46
46
45
45
46
48
46
47
46
217.29.76.4
47
45
50
49
45
44
48
52
50
46
67
45
45
46
48
45
45
46
43
47
194.119.192.34
45
46
47
45
46
46
49
46
43
47
46
45
46
45
46
48
48
46
46
49
193.206.141.46
51
45
46
46
46
46
45
46
46
46
51
43
51
45
46
47
45
47
44
48
194.146.106.30
88
50
44
46
46
46
47
45
56
68
49
47
75
48
46
46
45
45
48
50
2018-05-13 11:30:44.265919
194.0.16.215
321
410
407
305
306
409
409
305
305
304
306
408
305
307
510
306
303
307
203
305
192.12.192.5
46
47
48
46
74
51
49
42
47
46
46
46
46
71
46
47
53
45
46
46
217.29.76.4
43
47
54
46
46
45
71
46
46
45
47
46
69
48
62
47
44
47
46
54
194.119.192.34
47
47
49
58
49
78
47
46
46
45
46
49
46
46
62
46
45
46
46
48
193.206.141.46
45
50
47
46
46
51
51
47
55
49
46
45
47
46
45
58
67
46
46
48
194.146.106.30
48
53
47
46
45
47
54
45
46
48
44
45
46
46
48
82
52
47
78
50
2018-05-13 11:44:27.585322
194.0.16.215
291
203
203
305
203
341
473
205
304
296
315
306
305
318
500
303
203
408
203
305
192.12.192.5
45
47
61
54
47
46
47
50
53
79
50
47
43
58
47
46
68
47
46
47
217.29.76.4
48
49
44
46
46
46
45
46
49
46
46
46
55
50
49
46
82
47
46
57
194.119.192.34
47
47
47
46
46
46
46
45
46
46
46
71
48
47
44
71
46
46
47
56
193.206.141.46
45
47
46
46
46
46
46
49
46
42
48
47
45
58
48
45
46
46
46
46
194.146.106.30
47
47
52
53
63
55
45
46
46
46
48
49
51
74
80
48
46
82
47
46
2018-05-13 11:57:10.334973
194.0.16.215
145
300
306
203
203
522
401
200
322
392
305
408
305
306
408
305
203
305
203
305
192.12.192.5
51
47
59
55
42
46
57
90
68
50
47
44
46
47
45
45
46
46
47
47
217.29.76.4
47
49
47
46
54
47
46
46
48
51
47
47
45
50
48
44
46
44
46
77
194.119.192.34
48
47
50
45
50
53
46
49
47
45
47
48
45
54
50
46
46
55
47
46
193.206.141.46
48
45
49
46
46
46
49
86
47
43
46
46
51
45
46
47
76
51
44
46
194.146.106.30
44
51
79
69
58
51
68
48
59
79
47
46
54
47
46
57
50
83
47
46
2018-05-13 12:10:02.741200
194.0.16.215
515
229
307
304
609
304
304
304
304
304
305
303
304
305
611
303
303
611
407
304
192.12.192.5
46
46
46
45
46
46
45
55
51
41
46
46
46
95
71
46
47
45
45
46
217.29.76.4
49
48
44
45
46
47
50
44
46
46
47
56
46
46
45
46
45
46
45
46
194.119.192.34
45
47
45
51
47
47
63
50
46
47
46
46
51
46
46
69
48
46
49
57
193.206.141.46
44
54
65
46
46
49
52
46
47
52
44
82
45
46
49
46
45
46
46
67
194.146.106.30
43
47
49
46
46
46
50
46
55
57
63
50
66
47
46
46
46
45
46
49
2018-05-13 17:22:06.499499
194.0.16.215
405
407
202
308
303
408
303
202
297
314
203
329
385
305
411
301
308
407
306
307
192.12.192.5
47
48
55
46
46
46
46
46
46
50
46
51
54
53
48
52
49
46
84
53
217.29.76.4
44
52
41
46
46
66
50
45
46
52
48
45
45
45
49
48
47
54
44
57
194.119.192.34
46
47
60
48
46
46
51
46
47
67
77
55
48
82
52
42
47
47
48
48
193.206.141.46
46
47
48
50
47
46
47
45
46
50
46
45
50
57
53
46
46
45
50
43
194.146.106.30
49
46
48
46
46
46
46
45
46
46
46
46
45
47
45
47
67
48
46
47
