2018-05-12 20:35:48.330167
199.19.5.25
246
576
200
446
611
305
199.19.6.25
46
46
46
63
52
45
204.61.216.118
51
48
54
46
47
48
202.12.29.59
48
45
67
47
46
47
192.5.4.1
52
46
49
46
45
46
2018-05-13 11:30:57.152430
199.19.5.25
349
600
920
303
511
4095
199.19.6.25
46
60
54
46
47
58
204.61.216.118
48
46
46
65
50
47
202.12.29.59
46
46
46
46
45
46
192.5.4.1
53
45
56
48
46
63
2018-05-13 11:44:40.020392
199.19.5.25
1227
511
202
407
715
305
199.19.6.25
47
46
46
46
56
56
204.61.216.118
47
45
46
74
51
48
202.12.29.59
45
46
47
54
41
48
192.5.4.1
48
46
46
45
46
70
2018-05-13 11:57:22.854129
199.19.5.25
416
825
317
307
1209
304
199.19.6.25
50
49
47
45
45
46
204.61.216.118
49
49
54
45
46
47
202.12.29.59
44
47
45
46
44
47
192.5.4.1
73
46
76
44
46
46
2018-05-13 12:10:16.145325
199.19.5.25
380
612
612
407
612
303
199.19.6.25
49
66
46
46
46
46
204.61.216.118
46
47
46
45
47
67
202.12.29.59
45
47
56
47
45
46
192.5.4.1
45
46
53
45
48
72
2018-05-13 17:22:19.111723
199.19.5.25
216
512
305
1139
496
1250
199.19.6.25
48
50
45
46
46
46
204.61.216.118
47
47
52
46
46
46
202.12.29.59
47
46
46
46
46
70
192.5.4.1
50
46
46
47
45
46
