2018-05-12 20:35:52.152830
77.72.229.254
831
203
53
1694
296
203.119.56.132
46
46
62
50
44
147.28.0.39
47
47
50
46
45
193.188.128.14
43
52
51
46
57
2018-05-13 11:31:05.434956
77.72.229.254
49
137
68
852
305
203.119.56.132
54
43
46
47
49
147.28.0.39
50
57
47
47
61
193.188.128.14
47
61
41
56
50
2018-05-13 11:44:44.825089
77.72.229.254
44
106
304
1637
203
203.119.56.132
51
56
51
46
50
147.28.0.39
50
47
70
47
46
193.188.128.14
49
57
46
46
46
2018-05-13 11:57:27.658510
77.72.229.254
171
409
75
59
273
203.119.56.132
55
49
47
47
72
147.28.0.39
50
45
48
46
50
193.188.128.14
47
50
58
51
45
2018-05-13 12:10:20.533837
77.72.229.254
46
231
304
1369
472
203.119.56.132
53
69
61
57
50
147.28.0.39
48
45
46
53
43
193.188.128.14
43
46
48
46
46
2018-05-13 17:22:24.538117
77.72.229.254
100
211
306
320
291
203.119.56.132
47
46
58
63
51
147.28.0.39
49
49
47
67
47
193.188.128.14
51
46
45
47
46
