2018-05-12 20:36:01.184531
195.8.218.131
483
239
270
205
408
309
303
307
409
307
305
205
306
407
307
409
410
302
510
335
378
407
194.0.20.1
49
45
45
46
47
46
47
46
45
46
46
46
46
49
46
47
52
55
46
47
47
59
194.0.1.4
48
46
45
47
45
48
55
50
47
45
46
48
45
46
45
49
43
46
48
44
45
46
194.0.3.1
44
46
46
48
44
46
49
55
51
43
45
46
46
45
49
44
52
51
46
63
53
44
194.0.18.1
50
45
46
47
46
64
55
54
48
45
47
48
62
45
46
46
47
46
46
68
48
48
194.0.19.1
51
50
46
48
46
46
46
46
46
57
44
48
62
51
46
67
50
46
49
47
66
47
2018-05-13 11:31:07.907286
195.8.218.131
318
307
304
234
276
516
300
305
203
306
304
204
308
203
305
511
407
408
408
308
407
407
194.0.20.1
44
46
50
41
48
44
46
46
46
46
65
50
45
48
45
46
45
48
44
49
43
47
194.0.1.4
42
46
46
46
46
45
63
45
48
61
51
63
45
47
56
45
46
46
45
47
46
48
194.0.3.1
44
45
46
47
44
47
46
47
56
47
48
43
55
66
53
46
46
47
45
45
49
45
194.0.18.1
50
45
48
43
48
64
52
45
64
52
69
45
46
46
61
53
45
45
48
43
72
46
194.0.19.1
50
46
46
55
49
46
46
47
46
49
42
46
53
50
46
46
49
46
47
67
47
63
2018-05-13 11:44:48.187194
195.8.218.131
305
306
306
305
306
306
406
308
203
408
317
185
525
195
407
408
511
305
510
203
408
511
194.0.20.1
47
46
72
47
46
46
50
48
42
46
46
45
46
45
46
45
46
45
46
45
48
46
194.0.1.4
49
47
48
46
45
47
45
46
45
46
46
47
45
45
47
45
46
49
54
46
45
48
194.0.3.1
49
49
43
51
48
44
50
43
46
49
42
45
46
48
46
46
46
45
50
42
50
46
194.0.18.1
46
46
49
44
58
72
46
56
46
46
46
65
48
46
46
49
46
48
44
45
46
48
194.0.19.1
48
46
49
46
87
53
72
46
47
78
47
46
82
50
46
46
48
44
46
45
46
52
2018-05-13 11:57:29.721377
195.8.218.131
300
305
408
220
289
305
306
305
120
286
306
203
427
396
299
409
406
309
404
203
342
473
194.0.20.1
44
46
47
50
46
45
46
46
46
63
54
54
49
50
61
47
50
62
49
46
60
85
194.0.1.4
52
46
50
45
46
46
48
44
50
51
47
45
46
51
42
46
46
45
46
73
45
45
194.0.3.1
51
46
49
64
52
45
55
39
45
46
46
48
49
52
82
46
48
72
52
46
49
53
194.0.18.1
45
46
53
53
46
48
46
59
60
47
53
41
48
45
46
48
45
46
45
46
46
49
194.0.19.1
50
76
44
47
46
46
46
61
42
49
48
46
45
46
46
46
45
46
46
45
50
42
2018-05-13 12:10:23.968758
195.8.218.131
359
303
305
306
305
305
305
305
305
305
321
289
613
305
305
417
603
305
583
335
613
612
194.0.20.1
46
64
53
54
46
48
54
49
50
52
46
47
66
57
52
48
47
49
45
46
55
48
194.0.1.4
50
45
58
45
46
46
46
47
46
48
43
46
51
47
46
46
46
46
46
46
46
46
194.0.3.1
52
44
46
47
46
51
46
49
46
46
46
45
46
45
48
49
58
44
46
48
48
66
194.0.18.1
45
46
47
47
78
46
47
48
46
78
48
46
65
49
47
45
46
45
46
46
46
45
194.0.19.1
48
46
46
45
47
66
48
46
45
47
46
45
59
44
46
46
78
56
47
46
51
45
2018-05-13 17:22:26.793971
195.8.218.131
225
306
306
305
213
295
304
310
198
204
306
211
300
203
305
413
404
305
514
303
408
408
194.0.20.1
50
58
49
47
69
47
46
46
50
41
45
46
47
46
46
46
45
50
46
44
49
49
194.0.1.4
48
48
48
51
49
47
67
64
59
46
50
51
47
61
55
80
73
58
77
70
49
74
194.0.3.1
71
79
63
50
48
45
46
46
44
46
45
75
64
64
48
46
46
72
75
50
68
63
194.0.18.1
52
46
61
59
55
48
48
89
69
48
45
43
51
53
46
60
47
52
74
49
47
48
194.0.19.1
52
46
52
47
49
60
48
46
70
49
46
45
46
47
45
53
48
45
51
52
62
53
