2018-05-12 20:36:14.555958
194.0.23.5
218
203
203
202
308
187
318
243
268
305
204
194.146.106.66
50
47
47
47
45
49
45
64
50
46
46
77.72.229.247
48
46
46
50
45
46
55
48
45
46
46
194.0.1.13
46
46
43
47
46
46
46
46
46
46
46
158.64.229.18
47
46
46
46
47
46
46
223
77
47
46
194.0.42.42
52
46
45
46
52
46
45
46
45
46
46
2018-05-13 11:31:20.966410
194.0.23.5
377
204
203
305
118
289
203
304
204
306
204
194.146.106.66
46
46
46
45
46
46
46
48
44
49
43
77.72.229.247
51
45
48
47
44
46
46
52
51
46
46
194.0.1.13
53
45
45
50
46
46
46
181
79
49
46
158.64.229.18
46
48
47
46
46
51
46
53
42
48
45
194.0.42.42
43
46
67
49
69
48
46
46
47
46
46
2018-05-13 11:45:01.736916
194.0.23.5
299
202
304
307
203
212
194
303
203
331
298
194.146.106.66
47
45
46
49
44
49
48
175
91
48
46
77.72.229.247
47
47
48
47
46
46
45
46
48
47
45
194.0.1.13
48
46
47
73
47
63
47
53
50
57
47
158.64.229.18
51
50
45
46
46
46
46
46
74
52
69
194.0.42.42
52
46
46
46
46
48
45
46
47
46
46
2018-05-13 11:57:42.636889
194.0.23.5
603
203
306
119
287
205
305
306
306
409
201
194.146.106.66
45
63
44
46
47
46
74
51
45
46
46
77.72.229.247
49
44
48
44
65
68
60
53
61
51
46
194.0.1.13
49
46
46
53
44
46
45
325
77
49
46
158.64.229.18
53
49
53
47
46
46
49
62
50
48
48
194.0.42.42
45
48
48
42
46
46
46
48
46
46
46
2018-05-13 12:10:38.274087
194.0.23.5
576
306
306
305
179
432
305
141
382
292
305
194.146.106.66
50
45
49
43
46
46
46
57
48
46
46
77.72.229.247
46
46
45
46
46
47
68
46
45
49
43
194.0.1.13
50
46
56
46
46
47
46
292
73
45
47
158.64.229.18
45
46
49
69
43
47
45
45
46
45
46
194.0.42.42
51
46
45
48
47
45
48
46
47
44
45
2018-05-13 17:22:39.937450
194.0.23.5
193
202
203
203
305
206
303
280
227
422
189
194.146.106.66
51
47
46
47
52
46
46
71
49
43
46
77.72.229.247
51
46
46
46
44
61
52
47
71
46
45
194.0.1.13
51
46
46
46
46
46
46
157
81
49
46
158.64.229.18
52
46
46
71
47
47
71
49
57
49
46
194.0.42.42
58
50
68
47
47
49
44
64
48
47
48
