2018-05-12 20:36:20.352572
194.0.48.1
368
306
308
305
305
305
305
310
304
310
304
301
312
301
202
309
302
305
307
303
216
92.240.70.1
45
47
64
50
45
46
65
50
44
56
45
46
46
51
46
48
45
47
56
47
45
194.0.1.24
49
42
48
52
45
58
46
50
47
45
59
47
48
56
61
46
46
48
42
49
47
194.0.8.1
48
46
47
45
47
50
46
46
82
46
47
45
46
47
56
48
44
46
48
47
46
192.36.125.2
49
47
52
46
46
51
47
49
56
44
46
51
49
43
45
46
48
46
50
52
46
2018-05-13 11:31:26.815006
194.0.48.1
271
306
1022
306
306
305
307
304
306
223
286
203
203
305
203
307
203
305
305
305
306
92.240.70.1
45
45
49
70
47
46
48
44
47
47
44
45
46
46
45
46
46
47
45
46
46
194.0.1.24
50
46
57
46
47
45
46
46
46
53
51
46
68
46
47
76
49
47
51
45
65
194.0.8.1
49
42
49
44
50
71
51
47
47
46
46
56
52
60
48
46
47
46
57
46
52
192.36.125.2
48
46
46
46
48
46
46
50
43
45
46
63
46
43
51
48
46
47
49
42
45
2018-05-13 11:45:12.844497
194.0.48.1
346
306
248
269
208
291
307
305
306
202
307
202
306
214
191
307
202
306
305
306
305
92.240.70.1
46
63
52
51
52
46
47
45
51
52
47
62
45
46
51
45
46
46
46
48
45
194.0.1.24
48
74
50
69
47
46
58
46
48
48
49
49
63
49
70
46
46
47
47
47
45
194.0.8.1
50
46
48
58
48
45
46
46
46
45
46
49
43
46
46
45
46
46
46
46
46
192.36.125.2
45
46
46
46
48
44
46
48
46
46
46
46
45
46
45
45
46
50
53
46
46
2018-05-13 11:57:49.271771
194.0.48.1
281
312
1016
305
306
303
306
305
305
204
305
202
203
306
305
305
203
306
305
203
305
92.240.70.1
46
45
47
64
50
46
47
46
47
45
46
46
45
46
46
46
46
50
52
46
47
194.0.1.24
53
80
48
45
46
46
47
46
46
46
47
45
62
68
42
46
46
51
44
83
49
194.0.8.1
45
46
47
46
46
45
47
46
47
48
47
50
41
46
46
57
45
59
78
47
46
192.36.125.2
47
46
50
45
49
46
47
61
54
47
45
46
47
47
50
80
49
48
47
47
46
2018-05-13 12:10:45.063327
194.0.48.1
455
328
390
299
306
305
204
306
407
305
316
294
306
614
305
408
306
304
306
407
306
92.240.70.1
47
46
69
46
45
47
67
47
46
51
49
43
45
46
48
45
46
59
44
47
65
194.0.1.24
44
46
67
52
42
48
45
46
46
47
46
45
46
46
47
66
53
53
50
48
46
194.0.8.1
46
58
50
45
46
46
50
48
51
45
46
46
47
80
47
46
46
46
46
69
48
192.36.125.2
44
46
49
43
46
45
67
54
45
46
50
46
46
69
45
47
83
47
46
49
46
2018-05-13 17:22:45.901644
194.0.48.1
365
305
305
304
306
310
301
304
305
204
305
203
203
305
142
208
150
312
309
303
304
92.240.70.1
55
45
56
63
48
46
46
46
46
55
45
43
78
50
46
47
45
54
46
46
45
194.0.1.24
54
43
47
80
49
46
46
45
46
46
46
46
47
46
46
49
46
62
45
46
57
194.0.8.1
50
46
56
96
57
51
51
47
49
43
46
46
55
64
52
46
70
47
44
59
54
192.36.125.2
47
46
47
45
46
46
46
46
46
46
47
46
45
49
54
46
78
60
50
46
46
