2018-05-12 20:36:31.078819
192.162.16.19
274
200
301
308
293
524
157
295
1169
406
204.152.184.64
50
45
46
46
45
49
45
64
47
46
217.26.144.5
48
46
46
46
45
50
45
45
46
46
217.26.144.15
49
44
48
46
69
48
46
55
49
47
144.217.93.2
47
44
56
47
46
64
49
50
42
48
86.106.212.21
49
53
47
46
45
51
49
45
64
61
92.222.76.179
44
46
46
49
44
47
49
50
79
46
2018-05-13 11:31:37.975366
192.162.16.19
324
306
290
196
227
349
365
305
306
305
204.152.184.64
45
53
50
48
50
51
46
59
49
76
217.26.144.5
44
45
47
46
46
46
46
46
46
53
217.26.144.15
50
45
46
48
48
46
45
43
46
45
144.217.93.2
62
50
47
51
46
46
49
47
50
47
86.106.212.21
44
47
49
65
78
46
46
47
45
46
92.222.76.179
47
46
47
45
65
49
46
46
48
43
2018-05-13 11:45:23.069205
192.162.16.19
432
305
305
247
261
306
202
306
304
411
204.152.184.64
46
46
71
51
46
46
49
42
46
46
217.26.144.5
49
47
48
43
47
83
47
46
49
52
217.26.144.15
43
48
47
50
45
46
46
48
43
46
144.217.93.2
50
46
46
46
45
46
47
46
48
43
86.106.212.21
53
71
47
47
45
46
46
45
46
55
92.222.76.179
46
45
62
46
46
54
55
50
42
47
2018-05-13 11:58:00.510701
192.162.16.19
352
220
287
203
408
408
111
397
305
408
204.152.184.64
50
48
47
46
46
46
81
81
50
47
217.26.144.5
50
45
50
42
46
48
46
45
52
42
217.26.144.15
48
50
53
48
46
47
45
46
60
46
144.217.93.2
51
48
45
49
47
47
46
45
47
75
86.106.212.21
52
45
46
56
49
49
53
46
48
63
92.222.76.179
48
45
51
72
50
69
49
46
45
46
2018-05-13 12:10:56.841389
192.162.16.19
272
305
305
310
299
2577
185
303
306
304
204.152.184.64
58
62
53
69
74
52
45
46
46
46
217.26.144.5
45
46
48
72
43
47
50
52
49
43
217.26.144.15
45
46
44
50
45
47
45
46
45
47
144.217.93.2
43
45
60
62
61
46
47
46
47
60
86.106.212.21
45
46
46
46
50
49
44
46
57
46
92.222.76.179
50
46
57
46
47
56
46
46
48
48
2018-05-13 17:22:56.348215
192.162.16.19
347
297
306
1021
407
1130
304
299
306
305
204.152.184.64
72
84
84
85
56
54
84
77
65
49
217.26.144.5
53
48
48
51
80
52
44
47
52
45
217.26.144.15
48
51
52
54
57
51
49
52
44
45
144.217.93.2
58
46
69
51
53
46
72
84
47
64
86.106.212.21
49
71
63
55
47
51
54
56
53
47
92.222.76.179
47
49
44
47
45
46
46
48
46
45
