2018-05-12 20:36:38.380048
199.253.59.1
259
306
305
204
510
355
510
467
199.249.119.1
62
43
46
46
50
43
46
46
75
199.253.60.1
53
42
45
60
52
173
137
60
199.249.127.1
43
48
56
51
47
45
47
52
49
45
199.253.61.1
42
47
47
47
47
54
46
49
45
51
2018-05-13 11:31:44.751454
199.253.59.1
372
285
307
305
614
248
508
578
199.249.119.1
45
45
46
65
49
3100
66
46
328
66
199.253.60.1
45
46
58
46
48
60
59
61
199.249.127.1
43
43
58
53
58
277
53
44
56
52
199.253.61.1
44
46
46
50
53
64
62
57
49
2018-05-13 11:45:29.489923
199.253.59.1
263
305
306
202
409
357
509
460
199.249.119.1
54
57
50
44
45
3555
74
45
1840
73
199.253.60.1
45
65
45
51
43
59
73
42
45
63
199.249.127.1
51
62
42
46
46
45
46
46
56
47
199.253.61.1
43
46
47
49
44
59
66
41
46
65
2018-05-13 11:58:07.004924
199.253.59.1
513
407
264
251
403
362
407
262
199.249.119.1
45
46
50
47
79
1083
70
45
3157
58
199.253.60.1
48
46
45
45
46
45
51
47
65
42
199.249.127.1
43
49
45
46
46
45
46
46
45
45
199.253.61.1
47
44
46
63
50
45
47
58
44
47
2018-05-13 12:11:05.383597
199.253.59.1
533
303
306
302
613
662
424
541
199.249.119.1
51
51
45
46
52
44
46
48
4963
64
199.253.60.1
44
57
48
47
56
1697
62
47
62
199.249.127.1
45
57
48
45
46
46
50
44
53
54
199.253.61.1
45
47
57
50
46
50
47
45
52
47
2018-05-13 17:23:05.002392
199.253.59.1
197
306
304
304
510
251
407
359
199.249.119.1
51
48
64
44
46
77
50
57
52
199.253.60.1
48
46
45
46
46
45
55
50
45
46
199.249.127.1
47
46
45
45
47
55
48
46
62
199.253.61.1
43
46
46
52
42
48
46
48
59
53
