2018-05-12 20:37:58.688182
193.29.206.2
619
305
406
1229
61
243
304
408
221
285
510
305
304
205
406
308
304
511
203
306
204
307
203
410
78.104.145.4
45
52
51
45
47
45
45
46
47
45
46
52
45
46
48
45
56
46
45
46
45
58
57
44
194.249.4.44
45
46
46
49
45
46
53
46
47
54
48
45
48
56
46
56
44
46
48
45
47
45
45
53
194.149.137.168
44
44
46
51
57
45
45
46
56
49
44
46
46
45
48
45
45
45
47
48
46
52
51
45
2018-05-13 11:33:33.810018
193.29.206.2
652
298
307
305
58
246
203
305
203
305
408
203
307
203
407
306
203
612
202
306
202
308
201
613
78.104.145.4
43
46
58
60
47
45
46
45
50
54
47
44
46
48
44
51
58
47
48
48
45
46
46
46
194.249.4.44
41
46
42
45
46
46
45
47
46
45
46
46
46
44
45
47
53
49
46
51
45
45
45
46
194.149.137.168
42
46
56
45
46
45
46
46
49
49
46
46
45
46
46
45
46
50
45
53
44
42
45
47
2018-05-13 11:46:35.036193
193.29.206.2
666
305
510
306
62
242
203
306
204
305
408
307
304
177
331
222
593
305
204
407
216
293
305
511
78.104.145.4
43
46
58
44
47
61
46
46
46
51
53
40
46
45
51
48
47
45
46
59
44
47
61
47
194.249.4.44
45
59
46
47
58
44
46
61
49
46
46
51
46
49
43
69
42
51
40
51
51
49
42
49
194.149.137.168
43
47
43
46
46
46
45
46
62
43
46
61
44
47
58
44
46
48
53
61
47
46
50
47
2018-05-13 11:58:51.316288
193.29.206.2
743
305
516
401
68
237
203
306
208
506
521
398
306
202
408
305
204
611
203
306
203
306
203
511
78.104.145.4
50
69
50
63
47
46
48
47
45
46
55
46
46
46
46
60
47
45
47
63
52
45
45
47
194.249.4.44
46
46
46
46
48
47
45
46
49
44
44
45
47
77
54
54
49
46
47
44
45
51
57
42
194.149.137.168
53
46
50
48
52
53
46
49
43
46
45
51
40
49
46
47
44
46
66
47
45
46
46
55
2018-05-13 12:12:58.027345
193.29.206.2
699
306
305
612
47
360
306
305
306
305
716
306
255
356
303
306
147
770
305
304
306
305
305
407
78.104.145.4
45
49
44
46
45
45
48
46
45
46
46
50
45
45
48
49
46
46
47
46
45
56
45
43
194.249.4.44
47
46
58
48
47
45
46
45
45
46
45
45
45
46
48
46
46
51
44
46
49
44
46
44
194.149.137.168
47
46
47
47
45
48
48
46
45
52
41
46
46
46
48
44
47
50
43
46
49
44
45
45
2018-05-13 17:24:24.846252
193.29.206.2
826
306
306
202
56
249
203
203
202
306
509
325
295
193
408
306
202
512
306
306
203
304
307
407
78.104.145.4
44
46
46
46
45
47
55
41
45
46
47
44
46
46
46
46
46
46
45
46
45
48
44
48
194.249.4.44
45
46
48
47
45
47
55
64
46
52
45
47
49
44
47
45
46
46
46
46
45
46
46
46
194.149.137.168
45
42
50
45
63
54
70
45
46
48
45
47
59
46
66
58
69
43
45
50
46
45
46
46
