2018-05-12 20:38:11.000974
193.188.47.252
398
306
305
203
111
206
393
305
307
286
324
203
193.188.34.241
45
48
45
46
56
50
46
46
56
49
53
56
192.93.0.4
48
51
52
47
57
47
98
59
50
46
46
48
192.5.4.1
46
48
45
46
46
45
47
45
46
42
49
53
204.61.216.45
78
56
51
54
62
50
48
44
47
55
48
45
2018-05-13 11:33:45.018318
193.188.47.252
107
306
196
306
408
306
511
107
297
407
410
58
193.188.34.241
43
45
49
46
45
46
45
51
45
53
45
45
192.93.0.4
44
46
47
46
46
46
46
46
45
47
47
48
192.5.4.1
46
45
48
46
46
47
46
45
46
49
45
49
204.61.216.45
45
47
56
49
48
46
49
49
43
45
55
62
2018-05-13 11:46:46.641279
193.188.47.252
432
102
305
306
407
204
475
105
234
203
308
331
193.188.34.241
236
203
69
48
46
49
49
58
55
46
47
48
192.93.0.4
50
60
52
62
54
44
59
43
44
46
46
45
192.5.4.1
48
46
59
47
71
46
46
49
62
51
44
48
204.61.216.45
43
46
47
48
45
46
46
51
58
49
49
49
2018-05-13 11:59:03.439685
193.188.47.252
406
75
332
114
292
410
612
306
305
203
409
305
193.188.34.241
49
46
53
49
53
62
52
43
58
47
47
45
192.93.0.4
44
46
46
48
47
45
46
46
46
45
46
56
192.5.4.1
44
46
46
55
43
45
49
45
44
85
76
48
204.61.216.45
44
57
44
48
46
50
48
55
46
65
50
48
2018-05-13 12:13:10.469343
193.188.47.252
524
306
305
306
305
110
400
153
355
306
305
305
193.188.34.241
48
50
45
46
51
45
46
47
45
45
46
45
192.93.0.4
44
46
45
45
46
45
52
51
51
45
46
45
192.5.4.1
43
46
45
47
45
51
52
51
44
46
48
51
204.61.216.45
44
46
48
46
57
50
46
50
45
47
47
49
2018-05-13 17:24:36.051750
193.188.47.252
462
297
203
63
106
235
205
151
255
304
407
107
193.188.34.241
43
47
55
46
45
46
49
46
45
47
68
47
192.93.0.4
43
46
46
46
57
49
45
46
46
52
44
46
192.5.4.1
44
46
42
46
46
57
48
46
46
46
47
45
204.61.216.45
49
45
46
42
49
44
47
46
45
46
49
47
