2018-05-12 20:38:17.149433
194.0.28.53
208
203
201
511
306
194.146.106.42
45
44
47
46
49
194.0.25.24
51
54
66
55
49
192.5.4.1
46
61
50
104
58
2018-05-13 11:33:51.153550
194.0.28.53
302
204
202
408
305
194.146.106.42
48
46
45
46
49
194.0.25.24
46
47
44
45
46
192.5.4.1
43
46
45
48
45
2018-05-13 11:46:53.107493
194.0.28.53
212
202
203
510
314
194.146.106.42
44
45
47
46
47
194.0.25.24
44
47
48
45
46
192.5.4.1
48
46
57
46
46
2018-05-13 11:59:09.867533
194.0.28.53
334
203
202
512
205
194.146.106.42
61
52
51
64
45
194.0.25.24
48
50
44
46
67
192.5.4.1
44
67
52
45
46
2018-05-13 12:13:16.904168
194.0.28.53
439
409
305
306
306
194.146.106.42
46
54
53
50
45
194.0.25.24
44
47
46
48
48
192.5.4.1
45
45
47
46
49
2018-05-13 17:24:41.542222
194.0.28.53
208
210
203
408
315
194.146.106.42
44
46
46
46
45
194.0.25.24
47
44
46
45
45
192.5.4.1
46
46
51
44
46
