2018-05-12 20:38:19.611388
194.146.106.6
312
304
511
313
298
307
611
613
305
304
612
921
307
711
305
305
306
407
197
156.154.101.12
50
46
46
45
46
46
50
45
51
44
46
45
44
45
47
49
56
49
52
156.154.100.12
44
54
47
51
57
50
50
57
69
45
52
45
46
46
46
53
52
52
44
128.39.8.40
44
47
44
48
45
52
41
47
44
43
46
46
53
45
46
42
47
55
51
193.75.4.22
46
56
46
46
66
46
47
44
54
46
46
56
51
47
46
46
47
49
55
158.38.8.133
44
46
45
45
46
47
45
51
55
50
44
45
48
56
46
47
46
45
47
2018-05-13 11:33:53.548870
194.146.106.6
195
293
407
104
302
203
203
307
510
306
613
612
315
706
207
301
304
203
204
156.154.101.12
45
46
49
46
48
55
50
47
44
47
44
49
46
45
49
46
45
51
45
156.154.100.12
42
47
47
47
45
53
51
46
46
45
49
49
46
55
53
45
47
57
46
128.39.8.40
49
47
45
48
46
56
91
57
48
46
47
44
46
46
47
49
46
47
47
193.75.4.22
43
45
47
56
45
46
49
46
53
44
47
44
46
46
45
46
45
45
47
158.38.8.133
45
46
46
45
46
56
46
46
46
45
47
56
45
46
47
49
55
44
59
2018-05-13 11:46:55.565635
194.146.106.6
321
204
203
202
306
408
305
306
406
205
512
405
306
613
304
304
305
204
203
156.154.101.12
44
46
62
52
58
50
45
46
48
46
48
47
57
45
46
46
45
46
46
156.154.100.12
43
46
46
46
45
46
50
45
45
46
46
46
50
45
47
56
46
47
62
128.39.8.40
44
46
46
46
45
49
48
46
47
62
50
48
49
46
46
49
54
46
46
193.75.4.22
44
46
46
46
52
43
46
46
46
46
46
45
46
53
43
46
78
48
46
158.38.8.133
46
46
46
46
46
56
45
50
53
46
48
47
47
46
59
48
56
47
45
2018-05-13 11:59:12.349996
194.146.106.6
182
202
305
135
273
305
305
305
408
315
499
408
304
581
233
313
197
199
203
156.154.101.12
70
72
85
67
46
106
101
150
323
71
53
54
58
60
45
60
67
51
53
156.154.100.12
44
52
64
51
49
45
51
52
44
47
58
47
44
46
52
49
48
45
55
128.39.8.40
44
46
47
50
46
59
49
44
66
50
47
46
63
74
47
57
60
52
46
193.75.4.22
46
47
46
46
46
60
45
46
49
63
50
46
46
53
51
52
60
44
46
158.38.8.133
46
44
46
47
44
46
47
46
42
47
45
43
48
69
55
59
48
50
77
2018-05-13 12:13:19.728697
194.146.106.6
384
307
306
106
407
404
306
306
306
305
613
921
306
613
306
309
300
101
407
156.154.101.12
47
47
51
46
42
48
45
45
45
46
45
45
45
46
46
46
48
46
48
156.154.100.12
41
46
47
48
43
47
48
45
45
45
46
45
51
55
48
47
46
47
50
128.39.8.40
45
43
49
48
46
44
48
47
44
48
47
45
46
46
46
50
45
45
45
193.75.4.22
42
47
48
44
49
54
45
46
48
47
50
45
45
46
46
46
45
46
45
158.38.8.133
43
41
48
51
55
53
44
46
45
45
46
46
46
45
47
47
46
47
46
2018-05-13 17:24:43.794316
194.146.106.6
195
204
305
108
299
313
398
306
407
305
509
510
238
691
192
517
299
117
186
156.154.101.12
43
47
67
47
45
46
46
53
71
44
46
58
50
47
52
46
46
45
47
156.154.100.12
44
46
48
46
46
49
53
51
50
48
47
46
46
45
48
46
46
64
58
128.39.8.40
46
47
48
56
43
46
61
45
46
64
47
45
46
46
49
47
46
52
46
193.75.4.22
44
46
54
49
48
47
46
45
45
46
58
48
50
52
46
46
51
53
40
158.38.8.133
42
45
46
46
45
46
46
46
45
47
63
49
46
59
46
46
47
68
48
