2018-05-12 20:38:32.597946
37.209.192.6
235
1229
301
306
406
613
37.209.194.6
46
47
46
46
50
44
37.209.198.6
44
44
56
51
51
52
37.209.196.6
55
42
46
50
41
46
185.27.88.50
42
45
46
45
46
47
185.27.89.50
41
51
42
46
46
46
2018-05-13 11:34:04.958484
37.209.192.6
244
716
407
203
409
407
37.209.194.6
47
53
45
47
54
51
37.209.198.6
45
46
45
45
46
49
37.209.196.6
47
45
47
54
51
52
185.27.88.50
41
47
49
46
46
58
185.27.89.50
45
49
43
49
45
48
2018-05-13 11:47:06.669760
37.209.192.6
394
819
202
306
408
509
37.209.194.6
48
46
47
45
48
48
37.209.198.6
44
57
55
51
43
47
37.209.196.6
43
46
50
45
49
58
185.27.88.50
43
43
50
45
46
45
185.27.89.50
48
46
49
44
46
47
2018-05-13 11:59:24.021864
37.209.192.6
268
609
306
305
407
409
37.209.194.6
48
54
45
46
49
49
37.209.198.6
48
46
46
46
66
45
37.209.196.6
46
46
47
46
48
50
185.27.88.50
49
45
54
42
45
46
185.27.89.50
44
48
49
54
46
56
2018-05-13 12:13:31.730647
37.209.192.6
777
862
366
305
377
543
37.209.194.6
47
47
47
51
50
46
37.209.198.6
47
46
51
45
46
47
37.209.196.6
44
46
40
47
45
49
185.27.88.50
46
47
49
45
46
48
185.27.89.50
43
46
45
47
45
48
2018-05-13 17:24:55.006492
37.209.192.6
378
715
305
203
307
406
37.209.194.6
45
46
45
46
46
46
37.209.198.6
43
46
45
46
46
64
37.209.196.6
48
46
45
46
46
56
185.27.88.50
44
45
52
67
58
48
185.27.89.50
48
52
56
44
47
57
