2018-05-12 20:38:37.458875
194.181.87.156
358
320
305
307
304
614
304
306
305
305
305
305
308
304
303
306
305
295
314
408
408
613
306
192.195.72.53
46
46
50
44
45
45
45
47
56
47
48
45
50
53
47
51
53
45
47
56
46
44
46
93.190.128.146
52
45
56
166
55
52
155
135
152
138
53
274
169
75
55
162
59
51
46
56
48
47
47
81.15.133.186
45
47
45
49
62
49
46
61
52
45
46
57
51
46
54
49
45
47
44
52
45
46
51
46.28.245.82
45
46
61
45
46
45
54
51
48
46
48
46
53
51
47
58
46
46
45
47
45
46
45
77.79.212.238
49
59
46
49
47
45
49
49
45
45
50
45
46
46
50
45
45
60
46
49
43
47
48
149.156.1.252
44
52
46
45
47
45
45
48
47
46
59
47
46
60
60
45
47
48
45
64
63
49
44
194.0.1.2
41
47
57
49
44
46
48
51
53
45
46
49
47
61
46
47
59
53
45
51
53
48
45
156.154.100.15
46
46
46
46
47
43
46
46
51
49
44
56
46
46
57
47
45
46
46
53
46
45
47
2018-05-13 11:34:09.229991
194.181.87.156
258
307
305
200
306
408
305
305
203
305
203
306
305
203
203
305
305
305
202
305
306
203
105
192.195.72.53
44
45
45
46
45
45
47
48
48
51
46
46
53
43
47
48
46
46
48
45
46
46
48
93.190.128.146
42
46
45
47
51
44
46
45
46
51
45
45
46
45
45
46
46
47
44
48
45
45
47
81.15.133.186
49
52
46
47
52
47
47
46
46
45
45
46
48
43
45
46
46
45
46
46
48
45
42
46.28.245.82
44
46
48
46
46
46
46
48
46
57
45
46
56
50
50
52
44
46
45
47
44
48
45
77.79.212.238
52
46
57
63
46
48
51
57
46
47
45
47
56
46
48
47
46
48
46
56
47
51
47
149.156.1.252
43
41
46
46
48
43
48
44
48
45
45
45
45
45
46
46
46
46
49
46
45
45
45
194.0.1.2
43
45
45
46
46
49
46
47
50
46
56
45
45
45
46
46
58
47
47
49
45
45
49
156.154.100.15
47
45
45
47
55
47
47
49
46
47
49
47
56
50
46
45
50
45
45
47
54
45
47
2018-05-13 11:47:11.192046
194.181.87.156
236
305
306
208
198
408
307
304
204
305
201
305
203
203
202
203
305
305
201
203
306
305
113
192.195.72.53
48
56
48
47
61
44
47
58
59
60
44
50
68
48
53
54
44
45
46
45
46
45
48
93.190.128.146
43
46
48
47
48
46
46
153
111
64
130
112
60
130
87
174
152
78
155
49
163
142
162
81.15.133.186
82
267
163
141
162
141
162
141
162
141
162
142
163
141
162
117
68
261
66
47
49
46
46
46.28.245.82
47
48
45
46
56
46
46
47
45
46
45
46
46
66
52
54
50
53
45
51
51
45
46
77.79.212.238
44
49
44
56
44
46
45
47
50
46
68
48
47
49
45
58
44
46
58
47
45
46
46
149.156.1.252
48
50
53
47
61
43
46
46
46
45
46
51
51
46
46
53
60
48
53
59
43
62
49
194.0.1.2
44
46
58
69
47
48
54
47
69
51
43
46
46
60
44
48
61
50
46
45
46
46
53
156.154.100.15
48
47
55
50
45
51
51
49
44
48
46
48
45
72
42
46
47
45
45
46
60
45
46
2018-05-13 11:59:28.164181
194.181.87.156
330
308
302
203
305
408
304
203
202
211
126
273
203
203
203
407
305
246
261
203
305
305
308
192.195.72.53
45
52
46
60
46
46
49
46
47
59
47
46
55
47
56
42
46
46
43
46
45
46
65
93.190.128.146
45
48
64
49
46
45
46
71
48
46
51
48
56
48
47
48
47
49
62
51
46
52
51
81.15.133.186
41
48
64
49
45
47
63
46
46
46
72
39
46
45
46
50
46
47
66
52
45
46
66
46.28.245.82
45
46
46
48
58
57
46
45
46
46
49
40
46
45
46
63
51
45
46
51
51
46
46
77.79.212.238
46
43
68
47
49
60
53
48
47
43
63
45
49
62
53
50
58
62
47
47
55
44
46
149.156.1.252
48
48
47
46
56
47
46
46
50
46
46
46
46
53
50
48
49
47
75
51
46
49
45
194.0.1.2
47
46
48
46
44
53
51
50
46
45
51
44
71
47
47
56
43
46
63
45
42
46
43
156.154.100.15
46
49
61
47
43
46
66
49
46
43
68
46
46
42
46
57
61
46
46
48
64
50
46
2018-05-13 12:13:36.841438
194.181.87.156
388
306
305
306
305
613
306
306
306
305
306
314
398
305
306
305
306
408
188
320
408
305
306
192.195.72.53
43
46
51
46
46
44
47
49
45
46
47
47
45
47
59
50
45
46
46
46
46
45
46
93.190.128.146
42
49
46
46
46
46
46
47
51
44
46
48
45
46
49
45
45
46
48
46
50
44
46
81.15.133.186
45
47
48
46
45
46
48
46
46
46
53
46
48
50
45
46
45
45
46
45
47
48
45
46.28.245.82
49
46
48
46
44
48
44
49
46
48
45
46
60
50
48
47
45
46
49
43
48
46
45
77.79.212.238
47
46
53
45
47
53
45
46
47
46
45
45
45
46
48
49
44
46
48
46
48
47
44
149.156.1.252
44
47
49
45
46
53
50
44
49
45
45
46
46
46
48
44
46
46
45
43
43
45
45
194.0.1.2
77
55
45
47
54
45
46
46
46
47
55
45
46
47
46
49
49
46
48
47
50
45
47
156.154.100.15
46
55
59
50
47
44
49
55
49
57
49
53
46
47
44
46
47
45
45
45
50
53
45
2018-05-13 17:24:59.154576
194.181.87.156
216
305
306
304
306
407
306
306
201
306
131
207
271
225
285
304
202
203
204
418
296
305
203
192.195.72.53
49
59
49
46
61
45
46
61
45
46
68
46
46
60
52
52
50
45
46
46
48
47
45
93.190.128.146
46
46
50
46
52
55
46
45
45
47
44
46
45
46
46
46
41
46
46
45
46
46
46
81.15.133.186
45
46
46
63
47
47
62
50
46
46
45
45
46
46
47
46
47
57
44
46
45
46
49
46.28.245.82
45
46
48
44
56
47
46
46
48
55
45
46
46
45
46
47
45
47
45
46
46
45
47
77.79.212.238
46
46
42
47
46
46
47
46
46
45
46
51
46
45
46
43
47
45
46
46
46
46
45
149.156.1.252
47
46
46
50
45
59
48
46
50
45
46
59
44
46
50
46
46
60
44
48
55
47
46
194.0.1.2
44
45
47
56
46
51
49
46
45
46
45
48
49
42
46
45
45
50
43
45
46
45
46
156.154.100.15
44
46
46
45
46
47
58
48
46
46
58
48
43
46
47
45
46
45
46
45
46
45
46
