2018-05-12 20:38:55.978223
213.244.82.147
196
309
302
304
307
304
77.72.229.254
44
47
51
44
48
54
194.6.225.20
44
56
51
44
46
53
204.61.216.29
43
46
47
45
45
47
193.0.9.105
46
48
85
59
48
44
147.28.0.39
44
52
46
47
58
49
2018-05-13 11:34:25.103825
213.244.82.147
259
202
306
202
307
56
77.72.229.254
47
46
46
56
45
49
194.6.225.20
46
45
46
48
45
46
204.61.216.29
44
56
45
46
49
49
193.0.9.105
50
46
49
46
46
49
147.28.0.39
42
46
57
48
48
45
2018-05-13 11:47:30.109850
213.244.82.147
374
613
201
204
203
306
77.72.229.254
44
46
48
49
46
46
194.6.225.20
48
45
47
58
46
47
204.61.216.29
44
46
62
42
46
50
193.0.9.105
42
46
62
43
47
56
147.28.0.39
43
45
45
46
46
59
2018-05-13 11:59:44.093633
213.244.82.147
278
319
189
203
69
134
77.72.229.254
45
45
66
50
55
46
194.6.225.20
48
46
48
46
78
47
204.61.216.29
47
48
46
47
44
55
193.0.9.105
43
46
46
46
46
56
147.28.0.39
49
46
56
48
47
47
2018-05-13 12:13:54.232072
213.244.82.147
324
623
76
527
408
305
77.72.229.254
43
46
48
45
46
56
194.6.225.20
40
47
56
55
53
45
204.61.216.29
43
47
44
45
46
46
193.0.9.105
45
47
49
46
55
45
147.28.0.39
46
48
55
45
46
46
2018-05-13 17:25:15.677988
213.244.82.147
274
202
306
204
78
227
77.72.229.254
43
46
45
47
57
44
194.6.225.20
45
45
46
49
47
67
204.61.216.29
49
46
48
49
45
47
193.0.9.105
47
59
47
46
47
49
147.28.0.39
51
54
46
46
60
44
