2018-05-12 20:38:59.511950
185.39.208.1
551
306
305
613
612
612
305
397
316
306
613
308
608
409
304
614
305
306
194.0.25.23
45
46
48
44
46
47
50
49
51
43
45
47
45
46
45
51
47
46
204.61.216.105
47
47
46
46
59
48
46
54
49
43
57
47
45
45
46
46
46
46
185.39.210.1
45
60
52
42
46
46
45
47
46
49
56
44
46
47
57
48
45
46
193.136.192.64
50
58
48
46
49
47
43
45
48
47
46
45
47
52
49
53
52
45
200.160.0.5
48
47
46
60
51
47
46
45
58
49
47
56
47
47
51
50
49
52
193.136.2.226
49
45
48
46
47
59
47
47
46
56
49
47
59
47
62
51
54
45
192.93.0.4
47
53
48
47
55
49
44
46
46
50
50
50
47
55
48
44
46
59
192.5.4.1
44
50
46
46
46
46
47
56
45
45
50
44
46
51
41
46
48
49
2018-05-13 11:34:28.386415
185.39.208.1
288
405
108
398
409
409
417
303
297
306
408
305
409
309
300
305
307
106
194.0.25.23
42
46
50
46
45
46
50
43
47
51
46
46
47
46
45
56
47
45
204.61.216.105
45
45
47
56
45
52
53
57
46
45
48
48
46
46
62
49
46
63
185.39.210.1
45
46
217
51
50
45
43
50
50
50
51
52
58
50
44
46
51
47
193.136.192.64
49
43
43
56
47
48
50
45
43
47
50
46
45
45
48
56
49
46
200.160.0.5
44
48
47
46
45
48
46
49
62
58
50
47
45
45
46
50
49
53
193.136.2.226
42
48
49
49
45
47
49
46
46
50
51
54
60
46
46
47
44
46
192.93.0.4
44
49
49
63
47
47
46
46
43
55
55
60
58
51
72
52
47
49
192.5.4.1
44
46
48
47
46
48
54
52
47
51
46
47
56
40
46
46
45
46
2018-05-13 11:47:33.864538
185.39.208.1
432
203
305
510
409
394
423
331
380
408
408
305
203
203
305
274
237
203
194.0.25.23
47
47
60
48
46
66
48
45
46
45
47
45
50
47
54
48
47
66
204.61.216.105
44
47
46
45
47
46
45
46
46
47
44
46
49
43
51
44
55
40
185.39.210.1
43
42
46
46
48
44
45
46
46
50
46
47
56
46
47
52
45
46
193.136.192.64
49
47
52
44
46
47
57
51
45
58
46
46
53
46
46
46
46
47
200.160.0.5
45
47
60
45
76
49
46
67
46
47
58
47
46
46
46
62
45
47
193.136.2.226
48
51
46
45
46
46
62
51
46
48
45
45
70
50
49
47
68
49
192.93.0.4
43
46
104
66
47
46
60
47
46
50
45
46
60
47
45
65
60
47
192.5.4.1
43
47
49
46
48
61
45
46
48
46
46
45
47
60
47
45
70
49
2018-05-13 11:59:47.075480
185.39.208.1
657
203
203
406
407
307
305
204
412
277
329
310
300
305
715
305
204
304
194.0.25.23
45
47
48
45
45
47
47
45
46
46
48
45
45
47
56
45
47
52
204.61.216.105
47
54
51
47
47
44
47
45
58
47
45
46
46
45
46
47
46
46
185.39.210.1
42
52
40
46
59
43
51
52
47
48
44
46
46
57
45
50
62
52
193.136.192.64
45
47
47
47
54
47
48
43
49
54
60
61
47
45
48
47
59
45
200.160.0.5
43
64
51
47
46
47
65
47
54
49
49
43
48
45
46
46
47
65
193.136.2.226
43
64
46
47
47
47
74
50
47
45
63
51
48
75
56
51
46
53
192.93.0.4
43
46
47
46
53
51
46
46
45
46
46
45
46
46
46
46
47
45
192.5.4.1
42
47
78
48
47
64
49
45
58
49
45
47
70
46
45
50
73
50
2018-05-13 12:13:58.406828
185.39.208.1
321
613
305
715
306
305
306
304
305
306
408
305
305
307
304
306
109
399
194.0.25.23
42
47
48
54
49
46
45
46
45
48
49
46
54
44
49
56
45
46
204.61.216.105
44
42
52
46
47
55
45
45
48
44
48
47
46
45
46
46
47
45
185.39.210.1
45
46
56
49
46
45
46
46
50
46
45
45
46
48
45
45
46
46
193.136.192.64
44
47
45
47
45
45
47
49
46
49
49
46
48
46
48
54
45
47
200.160.0.5
43
46
46
45
46
47
45
45
45
53
45
46
46
46
46
46
46
55
193.136.2.226
43
46
46
48
47
56
46
45
46
45
45
46
46
46
46
46
45
46
192.93.0.4
44
43
52
54
46
46
46
45
46
45
46
46
56
45
46
50
47
44
192.5.4.1
44
47
47
48
48
59
70
42
45
46
45
47
52
46
45
46
46
51
2018-05-13 17:25:18.904530
185.39.208.1
234
400
202
306
305
408
407
204
203
203
305
313
110
188
203
306
306
202
194.0.25.23
48
47
45
46
45
46
47
46
49
48
46
46
45
45
46
47
44
46
204.61.216.105
47
52
53
45
47
58
43
47
58
45
51
44
46
46
47
49
43
49
185.39.210.1
47
43
48
45
46
45
48
126
68
48
47
55
49
46
45
50
53
48
193.136.192.64
47
47
50
57
49
55
65
48
46
45
47
58
44
46
56
48
46
46
200.160.0.5
43
47
53
48
53
46
45
52
52
46
50
46
46
47
44
46
47
49
193.136.2.226
48
46
47
46
58
44
48
46
46
45
46
47
45
50
53
47
50
52
192.93.0.4
43
47
62
52
48
46
46
46
46
61
45
46
53
70
44
54
51
48
192.5.4.1
47
45
49
44
46
45
47
62
51
46
47
54
48
45
44
45
46
46
