2018-05-12 20:39:14.856853
178.23.16.104
365
612
612
919
178.23.17.104
47
46
46
45
212.77.192.10
43
46
50
46
212.77.192.13
55
55
51
46
178.23.20.60
48
47
45
45
37.209.192.6
48
49
47
47
37.209.194.6
50
48
46
46
178.23.22.60
45
48
48
62
204.61.216.62
44
46
50
42
2018-05-13 11:34:42.221831
178.23.16.104
370
510
408
818
178.23.17.104
51
50
51
52
212.77.192.10
44
47
55
47
212.77.192.13
43
45
50
45
178.23.20.60
42
47
58
48
37.209.192.6
52
63
44
46
37.209.194.6
45
46
48
46
178.23.22.60
46
46
46
45
204.61.216.62
43
47
45
47
2018-05-13 11:47:47.585050
178.23.16.104
436
511
612
919
178.23.17.104
48
46
64
49
212.77.192.10
43
51
53
48
212.77.192.13
44
45
47
45
178.23.20.60
46
50
41
49
37.209.192.6
48
44
50
45
37.209.194.6
46
47
62
52
178.23.22.60
46
47
47
46
204.61.216.62
45
45
46
46
2018-05-13 12:00:00.951844
178.23.16.104
428
492
716
816
178.23.17.104
50
46
48
65
212.77.192.10
47
43
46
48
212.77.192.13
45
46
46
49
178.23.20.60
49
46
46
46
37.209.192.6
45
46
46
57
37.209.194.6
43
47
49
42
178.23.22.60
46
46
80
48
204.61.216.62
48
46
46
46
2018-05-13 12:14:12.366826
178.23.16.104
628
621
604
716
178.23.17.104
45
46
50
46
212.77.192.10
43
51
55
55
212.77.192.13
42
47
49
46
178.23.20.60
52
57
47
46
37.209.192.6
46
45
51
45
37.209.194.6
41
46
54
45
178.23.22.60
46
49
56
45
204.61.216.62
42
46
62
51
2018-05-13 17:25:31.438615
178.23.16.104
383
409
224
796
178.23.17.104
50
58
48
48
212.77.192.10
48
46
46
46
212.77.192.13
44
52
68
46
178.23.20.60
44
45
49
54
37.209.192.6
50
59
45
46
37.209.194.6
44
47
45
49
178.23.22.60
48
45
48
46
204.61.216.62
46
47
61
46
