2018-05-12 20:39:19.378847
78.104.145.6
349
305
304
305
309
301
305
614
919
612
306
305
305
305
81.91.161.99
43
48
47
45
47
44
49
47
46
45
47
45
49
45
192.162.16.18
48
52
52
45
46
45
47
45
45
46
46
55
41
46
192.162.16.20
43
46
48
48
42
46
47
44
45
46
46
48
45
45
193.230.31.230
47
46
48
45
52
53
45
51
44
46
49
45
57
50
192.5.4.1
44
47
49
47
47
50
47
45
56
45
47
54
46
47
2018-05-13 11:34:46.473598
78.104.145.6
226
201
409
203
203
304
408
306
306
308
201
305
306
304
81.91.161.99
45
47
47
45
46
60
57
47
49
46
45
46
45
46
192.162.16.18
43
46
46
45
47
56
46
45
45
46
46
49
46
45
192.162.16.20
43
49
53
47
46
48
46
46
55
47
50
46
46
50
193.230.31.230
44
46
54
50
46
46
45
58
49
46
45
46
46
46
192.5.4.1
43
46
46
45
46
53
50
46
46
56
47
45
46
46
2018-05-13 11:47:52.087761
78.104.145.6
219
204
305
203
203
306
408
408
306
316
295
306
408
209
81.91.161.99
43
46
47
46
68
50
47
51
46
49
46
50
47
46
192.162.16.18
44
46
46
46
45
45
49
60
51
46
47
56
45
46
192.162.16.20
47
49
46
46
60
45
48
61
52
46
65
47
49
49
193.230.31.230
43
47
56
49
47
48
46
46
58
46
48
47
47
46
192.5.4.1
44
47
53
47
45
46
46
45
46
45
46
45
47
46
2018-05-13 12:00:05.452010
78.104.145.6
411
408
306
305
203
305
408
407
409
304
203
306
305
306
81.91.161.99
46
46
63
45
46
46
46
50
46
47
66
47
50
46
192.162.16.18
45
49
47
46
46
47
45
45
46
46
46
45
46
46
192.162.16.20
45
48
44
47
45
46
45
46
58
43
45
47
51
55
193.230.31.230
44
47
46
64
50
47
46
69
44
47
46
64
52
46
192.5.4.1
47
45
47
48
47
46
46
45
45
46
46
71
57
66
2018-05-13 12:14:17.236977
78.104.145.6
261
304
306
301
310
612
408
612
306
306
408
306
611
305
81.91.161.99
45
47
61
47
45
45
46
45
46
46
46
48
56
51
192.162.16.18
43
47
46
46
50
46
45
45
46
46
46
45
46
57
192.162.16.20
47
45
47
50
45
47
46
56
46
48
46
46
46
46
193.230.31.230
44
53
41
46
49
45
46
46
45
47
56
46
45
54
192.5.4.1
46
47
46
50
48
47
50
45
46
44
46
46
46
46
2018-05-13 17:25:35.316001
78.104.145.6
98
222
408
203
205
307
408
306
305
306
205
304
204
306
81.91.161.99
42
47
54
45
45
56
45
51
45
48
51
71
50
46
192.162.16.18
42
46
45
45
48
56
45
47
54
46
45
47
45
49
192.162.16.20
47
43
46
46
48
43
45
45
46
45
46
42
48
44
193.230.31.230
44
46
45
44
42
46
46
46
43
45
46
46
41
46
192.5.4.1
47
46
43
46
46
48
42
42
47
51
48
46
46
46
