2018-05-12 20:39:28.629089
91.199.17.59
321
409
611
306
919
306
407
307
95
413
306
58
49
46
51
51
48
53
60
46
47
49
195.178.32.2
48
53
46
48
54
47
47
44
45
46
47
48
48
46
46
48
43
46
45
48
43
48
204.61.216.32
48
45
47
66
49
44
46
58
50
46
48
43
47
50
46
52
52
45
45
46
46
58
147.91.8.6
48
50
46
53
49
53
44
46
57
45
50
44
59
47
46
46
46
57
45
49
64
49
91.199.17.60
43
47
50
44
59
50
44
46
46
46
60
46
46
50
52
46
45
46
57
56
47
53
192.5.4.1
43
48
46
48
45
53
46
56
46
49
56
47
47
48
48
45
50
44
46
48
50
55
194.146.106.114
46
47
45
47
53
46
46
46
67
46
46
46
47
45
58
65
50
43
46
55
45
47
2018-05-13 11:34:54.327565
91.199.17.59
225
304
713
406
307
304
305
305
203
304
204
54
50
46
47
44
46
45
46
45
45
46
195.178.32.2
46
49
45
46
57
47
46
52
46
46
59
46
46
50
47
45
46
45
46
46
59
42
204.61.216.32
44
46
45
45
46
45
50
42
49
44
46
46
45
46
46
50
47
46
47
46
56
46
147.91.8.6
45
46
46
57
47
45
46
46
47
47
46
46
46
45
46
48
47
57
46
44
58
49
91.199.17.60
47
49
48
48
56
48
45
46
47
48
50
45
47
45
46
45
46
50
46
46
56
45
192.5.4.1
42
46
46
45
45
46
51
56
47
45
46
48
47
45
46
48
47
47
46
47
55
48
194.146.106.114
45
46
63
50
45
46
56
46
45
46
45
47
57
46
51
47
43
48
47
45
46
47
2018-05-13 11:48:00.029595
91.199.17.59
180
511
407
306
208
300
305
306
203
305
203
64
50
46
60
48
46
46
61
42
47
56
195.178.32.2
46
46
58
44
46
51
49
42
46
46
46
45
48
49
43
46
46
49
47
69
48
49
204.61.216.32
43
49
44
47
45
46
46
46
62
45
53
51
48
49
46
46
46
50
47
69
48
47
147.91.8.6
47
56
48
59
79
45
46
54
50
45
46
46
50
54
44
52
46
46
46
60
44
47
91.199.17.60
48
44
46
47
45
47
47
57
45
46
49
47
47
48
47
45
46
45
46
45
46
46
192.5.4.1
42
46
46
46
46
46
46
49
45
45
46
46
47
46
59
44
47
46
46
46
45
46
194.146.106.114
44
46
59
47
43
46
45
48
46
60
74
47
76
60
48
46
46
44
47
48
44
46
2018-05-13 12:00:13.809232
91.199.17.59
147
203
510
305
307
304
307
410
201
202
307
66
46
47
47
62
45
46
62
51
47
47
195.178.32.2
51
46
47
46
46
60
47
57
48
46
63
46
50
43
46
43
49
47
49
44
48
47
204.61.216.32
46
46
46
53
60
46
46
47
49
54
49
44
47
61
44
48
61
39
47
44
54
50
147.91.8.6
45
47
63
46
46
46
54
49
46
46
46
48
47
65
48
49
43
47
48
45
46
46
91.199.17.60
44
46
49
46
46
46
46
46
46
58
45
46
51
48
52
45
46
45
54
49
46
46
192.5.4.1
48
47
45
47
43
54
45
60
49
50
46
46
49
47
46
45
69
55
42
52
60
49
194.146.106.114
43
47
46
49
43
48
49
43
45
47
67
45
45
47
47
47
45
46
61
43
44
48
2018-05-13 12:14:26.464922
91.199.17.59
344
304
919
304
305
306
291
320
408
407
305
50
45
46
50
46
45
57
45
46
51
47
195.178.32.2
42
46
50
46
46
45
44
58
61
48
46
45
46
46
46
53
45
45
46
46
46
47
204.61.216.32
44
50
43
46
46
55
40
51
53
63
42
46
49
48
56
45
47
55
47
44
49
57
147.91.8.6
44
46
47
46
49
57
46
45
46
47
46
47
45
58
46
46
60
50
46
42
48
46
91.199.17.60
47
41
46
47
48
47
48
57
49
43
48
49
48
44
46
47
50
48
58
46
46
45
192.5.4.1
44
46
46
46
47
51
46
46
49
45
46
45
46
46
47
47
44
46
46
48
45
46
194.146.106.114
46
46
45
53
40
47
45
47
59
46
47
46
52
46
48
56
52
45
47
45
45
46
2018-05-13 17:25:42.750717
91.199.17.59
198
327
427
235
125
228
223
308
206
302
304
49
54
45
53
48
64
45
49
46
45
47
195.178.32.2
43
41
46
46
47
45
46
46
45
46
47
45
45
47
45
48
44
47
45
46
48
44
204.61.216.32
47
46
49
54
50
46
47
44
43
45
47
45
49
44
46
46
47
46
46
47
45
47
147.91.8.6
45
46
47
46
46
46
42
46
45
46
47
45
46
46
54
49
47
50
46
45
46
45
91.199.17.60
45
45
44
46
46
46
46
48
46
46
49
45
57
50
42
48
46
46
46
45
46
46
192.5.4.1
46
49
43
40
46
46
46
49
46
43
45
45
46
48
44
46
46
46
46
47
46
46
194.146.106.114
42
46
46
46
50
45
46
56
47
45
49
45
51
42
46
60
52
44
46
45
46
47
