2018-05-12 20:39:40.500480
193.232.128.6
305
306
306
429
691
409
303
511
405
306
305
617
302
305
307
611
305
407
413
298
613
305
305
305
304
407
312
194.85.252.62
47
45
47
47
46
46
54
42
46
56
47
46
51
44
46
45
46
47
46
49
52
56
44
49
44
52
52
194.190.124.17
48
47
49
134
63
49
132
135
49
257
152
140
52
212
44
54
262
66
47
46
45
45
50
53
46
58
48
193.232.142.17
49
51
400
60
49
47
56
58
52
48
55
55
46
46
57
48
47
44
46
47
60
45
51
68
44
68
63
193.232.156.17
45
45
46
48
49
49
64
47
46
46
50
48
46
54
45
50
44
47
62
52
56
45
46
51
47
48
51
2018-05-13 11:35:05.340510
193.232.128.6
253
308
211
292
305
306
304
304
305
307
406
407
274
335
305
407
305
201
306
203
611
407
409
304
309
301
305
194.85.252.62
52
57
47
45
46
54
55
52
46
46
48
46
46
50
46
47
58
47
45
46
53
52
45
45
47
59
47
194.190.124.17
44
44
50
61
48
45
47
46
51
46
47
47
47
46
59
47
44
46
52
46
49
54
45
46
46
56
51
193.232.142.17
48
52
51
46
50
53
47
56
46
46
49
46
46
45
47
47
46
48
47
49
46
45
46
45
46
46
45
193.232.156.17
45
44
49
47
45
48
46
62
50
45
46
46
47
46
46
47
50
45
46
45
47
55
47
44
49
46
61
2018-05-13 11:48:10.771503
193.232.128.6
166
408
160
247
305
414
297
305
306
316
306
397
304
306
306
510
305
305
307
406
510
303
306
305
306
306
305
194.85.252.62
45
48
49
46
46
48
49
45
44
45
46
46
47
46
46
57
47
55
48
45
47
60
47
46
48
43
47
194.190.124.17
45
46
62
45
45
46
48
71
53
45
47
46
50
46
46
50
48
43
45
45
47
45
46
45
47
45
46
193.232.142.17
42
48
59
45
46
51
47
46
50
45
47
62
46
52
62
46
45
45
46
47
57
46
46
46
63
45
67
193.232.156.17
45
46
47
56
49
45
46
46
48
54
57
46
50
45
48
60
44
47
46
63
50
46
46
46
45
47
46
2018-05-13 12:00:24.374195
193.232.128.6
236
305
70
235
305
305
305
306
305
305
307
416
405
300
303
304
306
206
302
305
524
291
306
306
408
307
405
194.85.252.62
48
68
65
64
51
46
46
72
61
52
49
54
46
46
46
46
45
46
46
45
46
67
47
48
47
51
54
194.190.124.17
49
47
65
42
45
47
47
55
46
46
55
49
45
46
47
46
45
47
56
47
51
43
47
46
65
49
48
193.232.142.17
49
43
46
66
49
46
47
62
110
72
44
43
49
67
46
46
44
46
52
51
46
47
57
47
49
46
46
193.232.156.17
47
46
46
45
50
46
47
66
56
63
53
48
46
45
45
51
64
49
54
51
63
74
50
53
49
51
46
2018-05-13 12:14:38.259603
193.232.128.6
213
621
158
446
410
305
306
304
306
304
306
611
306
305
408
612
307
166
444
305
920
305
305
305
305
306
305
194.85.252.62
45
45
49
46
46
48
46
54
45
47
46
47
46
48
45
60
42
44
55
52
47
46
44
46
46
46
49
194.190.124.17
44
46
56
46
46
58
45
46
47
49
45
47
55
47
46
46
46
45
45
45
47
56
45
46
58
47
45
193.232.142.17
44
46
46
56
50
49
47
46
46
49
46
46
52
49
49
53
46
46
49
47
44
54
48
47
47
57
49
193.232.156.17
46
45
47
45
46
46
56
45
46
45
46
45
46
45
49
45
46
45
46
45
48
54
48
43
59
44
54
2018-05-13 17:25:52.752826
193.232.128.6
44
97
236
306
410
304
307
307
307
309
200
311
274
333
306
409
306
203
307
310
460
351
285
277
259
403
409
194.85.252.62
47
52
40
47
47
47
46
46
46
48
46
46
46
52
56
53
50
45
47
56
47
46
45
46
47
46
47
194.190.124.17
43
48
58
50
47
43
62
47
43
46
46
46
46
46
46
46
46
46
47
45
46
46
43
45
49
49
44
193.232.142.17
49
47
45
46
46
47
48
46
46
73
50
46
45
46
46
46
47
45
50
46
63
50
49
46
46
45
47
193.232.156.17
45
43
67
45
47
67
49
46
55
57
45
46
46
46
46
48
44
46
60
44
43
47
45
45
47
57
47
