2018-05-12 20:39:58.123123
212.26.18.3
1935
617
610
614
919
614
306
86.111.192.9
53
45
48
48
47
58
44
86.111.196.9
45
47
47
57
44
48
56
37.107.223.170
43
53
53
49
43
49
54
37.107.255.170
45
51
45
46
48
49
45
204.61.216.41
45
46
46
46
46
52
58
194.146.106.102
45
48
45
46
46
45
51
2018-05-13 11:35:19.824930
212.26.18.3
413
612
610
509
612
511
103
86.111.192.9
43
47
56
50
46
46
55
86.111.196.9
45
46
50
46
47
56
47
37.107.223.170
43
46
56
47
46
45
47
37.107.255.170
45
50
45
46
47
45
46
204.61.216.41
47
43
46
46
46
48
46
194.146.106.102
45
46
45
50
53
49
59
2018-05-13 11:48:25.206875
212.26.18.3
324
323
472
480
540
510
111
86.111.192.9
58
60
47
60
42
47
49
86.111.196.9
44
46
54
44
47
59
45
37.107.223.170
45
48
48
46
46
46
60
37.107.255.170
47
57
47
46
47
64
49
204.61.216.41
48
46
45
46
48
47
48
194.146.106.102
48
59
45
47
61
44
47
2018-05-13 12:00:38.751004
212.26.18.3
198
305
511
509
612
477
338
86.111.192.9
49
45
48
46
46
46
46
86.111.196.9
47
51
46
46
49
46
46
37.107.223.170
46
46
47
47
77
48
46
37.107.255.170
43
46
88
49
45
46
65
204.61.216.41
47
45
46
45
47
57
45
194.146.106.102
53
51
50
47
76
48
45
2018-05-13 12:14:53.944745
212.26.18.3
528
613
612
612
613
612
109
86.111.192.9
45
46
52
51
46
45
47
86.111.196.9
44
49
46
45
49
43
54
37.107.223.170
43
46
48
55
52
45
46
37.107.255.170
47
46
47
46
48
48
46
204.61.216.41
46
47
56
46
46
49
47
194.146.106.102
45
46
48
46
52
51
51
2018-05-13 17:26:06.322830
212.26.18.3
745
741
905
708
920
424
222
86.111.192.9
48
46
46
46
46
45
47
86.111.196.9
50
53
52
47
46
45
46
37.107.223.170
42
46
46
45
46
45
47
37.107.255.170
45
48
48
46
46
46
51
204.61.216.41
44
47
45
76
66
46
48
194.146.106.102
43
46
48
44
46
46
46
