2018-05-12 20:40:06.072033
192.36.144.107
566
611
1127
304
305
199
312
609
305
613
510
321
392
305
305
192.36.133.107
47
45
46
46
45
46
46
48
44
46
45
45
47
55
50
192.36.135.107
47
57
49
46
46
47
47
45
49
46
49
46
46
44
47
192.71.53.53
50
52
49
47
46
49
49
43
46
46
56
45
47
57
45
130.239.5.114
44
45
46
51
47
46
46
47
46
52
47
45
50
45
45
194.146.106.22
47
45
46
63
47
46
62
51
56
50
45
52
53
46
46
199.254.63.1
48
44
46
47
55
46
46
46
46
48
47
46
47
46
66
213.108.25.4
46
56
70
56
50
46
56
45
47
48
46
45
47
48
44
185.159.197.150
47
48
46
46
49
59
46
53
51
57
48
45
45
48
45
185.159.198.150
48
52
61
48
44
46
45
49
56
47
69
58
66
46
45
2018-05-13 11:35:25.742650
192.36.144.107
327
406
233
283
125
379
302
203
407
305
612
204
408
305
202
192.36.133.107
49
51
51
46
45
67
58
49
46
46
47
46
45
49
45
192.36.135.107
43
45
53
52
46
44
46
47
51
51
46
56
45
47
61
192.71.53.53
42
48
61
51
46
46
48
46
45
46
46
63
51
45
60
130.239.5.114
45
50
48
46
46
46
47
45
45
47
46
46
46
47
48
194.146.106.22
49
51
52
47
55
46
47
48
44
46
46
49
53
47
46
199.254.63.1
50
55
45
49
52
45
51
42
45
52
52
92
55
47
45
213.108.25.4
44
46
63
50
44
46
62
47
46
48
45
44
56
54
42
185.159.197.150
49
45
47
46
55
47
46
48
47
48
55
50
53
59
47
185.159.198.150
47
46
58
53
47
49
53
56
42
47
47
45
46
46
45
2018-05-13 11:48:30.458629
192.36.144.107
249
306
408
201
159
247
305
161
348
408
408
209
300
219
187
192.36.133.107
52
46
60
45
46
59
49
47
67
48
45
46
46
46
49
192.36.135.107
46
48
47
46
45
46
57
46
46
48
47
45
51
47
48
192.71.53.53
43
46
57
46
46
46
46
48
47
46
46
46
47
52
53
130.239.5.114
48
47
61
48
43
51
45
48
48
52
55
46
60
45
47
194.146.106.22
44
41
62
47
46
59
44
46
46
46
46
45
73
59
47
199.254.63.1
46
47
45
47
59
47
47
57
47
46
45
46
45
46
64
213.108.25.4
43
45
47
62
51
46
65
48
49
64
59
49
60
45
46
185.159.197.150
44
46
48
46
45
71
56
46
51
46
46
64
49
46
52
185.159.198.150
48
48
64
49
46
44
46
45
46
49
45
47
61
46
47
2018-05-13 12:00:44.269969
192.36.144.107
274
321
290
309
198
469
255
194
217
408
406
191
408
305
203
192.36.133.107
47
47
46
49
54
49
79
46
53
62
47
55
51
45
46
192.36.135.107
60
68
46
46
48
46
46
46
47
47
56
68
47
56
46
192.71.53.53
45
46
47
56
46
46
45
46
57
49
46
45
47
45
46
130.239.5.114
45
49
53
46
47
44
47
47
47
68
51
43
46
46
46
194.146.106.22
45
47
48
50
46
47
66
47
59
47
46
46
46
45
47
199.254.63.1
50
46
45
46
58
50
46
51
61
45
47
80
57
58
46
213.108.25.4
49
46
51
47
57
70
54
48
50
49
49
49
46
64
54
185.159.197.150
44
47
49
47
46
60
48
46
46
46
46
46
57
47
47
185.159.198.150
45
46
47
47
46
46
58
45
46
46
46
46
50
47
46
2018-05-13 12:15:00.169684
192.36.144.107
180
325
408
306
112
397
408
305
305
306
613
144
466
413
205
192.36.133.107
45
45
47
45
47
56
50
52
55
50
46
54
42
46
47
192.36.135.107
45
46
56
51
47
45
47
51
45
50
55
46
47
53
47
192.71.53.53
42
46
48
56
46
49
74
44
56
46
49
46
47
54
46
130.239.5.114
47
46
47
47
53
53
45
46
47
48
46
50
46
56
52
194.146.106.22
43
47
45
49
44
53
45
47
45
46
45
52
56
44
46
199.254.63.1
43
48
61
51
46
47
59
46
46
46
48
46
59
47
47
213.108.25.4
43
46
52
51
50
46
46
46
53
52
46
44
47
46
54
185.159.197.150
43
46
51
53
44
56
47
56
50
47
45
45
47
51
46
185.159.198.150
53
46
46
45
56
47
46
48
45
51
48
48
58
52
45
2018-05-13 17:26:13.298845
192.36.144.107
103
283
306
205
203
203
307
408
306
307
510
205
204
306
2532
192.36.133.107
62
47
49
46
45
46
46
46
46
46
46
46
47
59
39
192.36.135.107
44
46
47
46
46
46
47
46
48
43
52
48
73
46
47
192.71.53.53
42
46
53
52
46
46
46
45
47
46
52
60
46
48
45
130.239.5.114
42
46
47
46
50
47
47
57
46
44
50
46
50
42
45
194.146.106.22
51
54
57
48
45
46
46
46
46
47
45
70
71
46
46
199.254.63.1
47
46
50
46
77
44
47
48
46
46
46
45
46
46
107
213.108.25.4
42
50
52
44
47
48
48
48
46
46
46
45
47
47
45
185.159.197.150
50
49
64
50
43
46
50
51
64
50
48
46
46
46
45
185.159.198.150
49
45
46
46
45
48
110
68
46
46
46
45
47
45
65
