2018-05-12 20:40:20.035153
194.249.4.44
334
303
307
305
306
307
305
410
301
305
612
306
613
304
192.93.0.4
49
45
48
47
47
55
47
46
46
50
55
65
47
45
194.146.106.62
43
46
48
46
46
46
49
43
50
53
47
45
64
49
194.0.1.20
46
56
45
46
56
45
47
66
48
49
52
45
58
45
204.61.216.54
48
46
60
53
47
44
47
64
52
46
48
48
46
58
194.0.25.22
49
51
52
45
47
61
50
46
46
50
46
45
66
69
108.59.164.1
44
48
47
47
46
46
46
50
46
56
46
47
52
45
2018-05-13 11:35:37.880663
194.249.4.44
368
203
203
202
203
202
205
103
305
304
2666
297
408
203
192.93.0.4
49
44
46
45
47
62
50
47
49
53
46
46
46
53
194.146.106.62
43
46
50
52
46
46
51
46
46
55
46
46
56
47
194.0.1.20
48
45
52
47
46
55
50
44
46
46
46
55
51
45
204.61.216.54
46
46
47
56
47
46
56
45
49
46
53
47
45
46
194.0.25.22
49
47
57
47
45
49
54
47
46
56
47
45
46
45
108.59.164.1
46
47
56
47
46
52
50
47
60
47
46
46
46
45
2018-05-13 11:48:42.065872
194.249.4.44
288
115
188
110
298
306
203
202
204
203
408
110
398
203
192.93.0.4
47
46
46
46
47
48
75
42
45
46
46
61
46
46
194.146.106.62
45
47
63
50
45
46
46
54
76
49
43
42
47
46
194.0.1.20
48
47
46
46
58
46
43
45
46
48
46
46
47
45
204.61.216.54
51
41
46
64
49
48
44
63
47
47
50
46
49
60
194.0.25.22
48
57
48
45
46
46
46
46
46
46
50
41
48
58
108.59.164.1
45
46
47
45
46
63
51
46
46
61
55
47
46
46
2018-05-13 12:00:56.069431
194.249.4.44
381
115
291
1417
219
307
201
203
304
306
408
203
304
307
192.93.0.4
48
56
47
47
62
51
48
43
46
47
45
45
50
47
194.146.106.62
45
46
52
47
46
47
47
47
45
68
62
54
45
46
194.0.1.20
47
47
47
46
46
46
50
50
70
56
47
45
47
55
204.61.216.54
53
55
48
45
46
51
43
53
50
45
47
49
64
46
194.0.25.22
51
45
46
46
46
76
49
46
46
46
46
64
53
49
108.59.164.1
45
46
46
46
49
46
46
46
46
46
46
47
44
46
2018-05-13 12:15:17.524258
194.249.4.44
365
305
307
302
307
305
306
109
399
363
350
106
403
305
192.93.0.4
43
48
56
46
47
47
56
48
47
54
52
46
47
55
194.146.106.62
44
46
58
47
46
56
48
45
48
50
44
46
48
46
194.0.1.20
45
48
61
48
46
46
57
46
45
46
46
50
47
46
204.61.216.54
43
46
48
47
45
46
47
46
47
46
46
62
40
48
194.0.25.22
45
53
49
51
56
46
49
48
46
56
56
55
47
56
108.59.164.1
46
44
47
45
49
42
46
45
49
47
47
56
46
46
2018-05-13 17:26:27.412923
194.249.4.44
351
204
186
113
210
207
201
135
273
204
1059
177
400
204
192.93.0.4
45
58
44
54
44
48
46
46
45
46
46
46
46
46
194.146.106.62
45
45
47
46
46
46
47
47
46
46
48
50
59
47
194.0.1.20
49
46
46
46
46
46
47
47
43
46
46
49
47
43
204.61.216.54
54
43
54
46
45
46
47
45
46
46
46
46
45
46
194.0.25.22
43
46
46
47
44
46
49
43
56
48
48
50
43
48
108.59.164.1
43
47
45
46
45
46
47
47
46
45
47
45
44
47
