2018-05-12 20:40:29.606836
194.0.45.1
289
295
305
305
613
306
306
304
612
612
305
392
426
304
304
308
609
305
305
614
305
304
305
305
305
347
367
84.245.96.1
45
47
57
45
47
51
45
46
56
45
47
62
43
46
63
53
64
50
45
46
55
49
47
62
50
46
46
195.12.159.1
45
47
55
47
65
49
45
47
64
48
46
46
50
45
47
57
45
50
53
50
57
48
46
46
47
43
46
194.169.218.16
44
46
54
61
46
46
47
55
46
65
49
47
58
47
48
55
44
46
45
46
67
46
45
46
49
46
48
185.24.64.16
45
45
47
50
47
48
45
59
47
49
45
52
52
47
46
60
45
45
46
57
50
48
45
46
67
48
45
212.18.248.16
47
47
48
45
46
48
47
48
45
44
45
47
49
46
45
46
46
57
48
45
59
45
45
57
46
50
52
212.18.249.16
44
46
48
47
46
62
45
54
54
51
52
48
46
57
44
46
57
53
43
48
44
55
42
46
52
57
44
192.5.4.1
49
48
51
40
45
47
45
53
45
48
68
49
46
61
55
46
46
57
47
46
51
44
45
47
49
46
46
2018-05-13 11:35:48.407994
194.0.45.1
344
305
203
406
511
304
305
202
204
407
306
420
396
202
411
404
203
306
407
407
305
408
305
201
204
509
409
84.245.96.1
45
44
48
47
46
48
47
46
59
48
45
46
46
48
46
54
45
48
46
56
51
50
46
46
62
51
45
195.12.159.1
43
46
46
55
46
64
49
45
45
47
55
45
47
58
49
46
47
66
57
52
41
46
46
45
46
45
46
194.169.218.16
44
47
50
56
46
45
46
45
46
69
49
46
47
49
45
46
58
46
45
47
45
57
46
45
56
47
44
185.24.64.16
47
48
52
51
55
74
51
46
64
50
49
61
42
48
47
46
46
66
43
44
58
46
47
56
46
52
69
212.18.248.16
44
45
46
42
46
46
46
45
46
48
46
47
46
45
46
48
50
55
47
68
55
46
62
52
46
46
49
212.18.249.16
47
44
46
46
50
53
46
67
47
47
49
47
47
56
47
47
55
47
66
52
50
51
46
46
45
47
58
192.5.4.1
46
46
59
46
46
49
46
46
49
45
46
45
46
46
45
60
44
46
46
48
46
46
46
45
46
46
46
2018-05-13 11:48:50.001478
194.0.45.1
356
204
305
305
408
202
324
278
259
314
351
200
191
311
266
257
187
215
306
203
305
612
408
407
304
408
408
84.245.96.1
48
66
61
46
65
49
46
45
46
49
63
47
52
50
46
46
46
52
52
48
48
45
46
45
47
62
50
195.12.159.1
46
48
46
46
64
50
52
41
47
47
48
49
69
53
46
47
44
45
46
45
48
46
46
46
47
57
47
194.169.218.16
46
45
46
48
46
70
48
53
54
41
46
62
45
47
59
49
45
54
46
48
46
50
46
45
46
45
46
185.24.64.16
43
48
63
48
51
52
45
46
53
50
46
60
47
45
46
50
46
46
55
48
46
48
52
53
46
47
71
212.18.248.16
48
44
44
46
47
49
54
46
46
56
46
46
54
44
46
62
51
51
52
47
63
50
45
46
56
46
72
212.18.249.16
44
46
54
46
46
46
46
46
45
48
47
54
53
52
51
45
47
45
46
45
45
47
56
45
47
70
43
192.5.4.1
43
46
46
65
51
43
46
55
48
47
69
43
63
51
49
43
45
47
66
47
45
45
48
49
45
46
47
2018-05-13 12:01:05.600396
194.0.45.1
263
305
409
408
525
393
305
290
217
408
203
306
206
303
408
407
205
305
305
408
305
511
424
392
313
397
424
84.245.96.1
45
46
46
52
46
47
46
46
46
46
47
46
46
55
53
46
45
46
48
45
47
67
46
52
41
46
48
195.12.159.1
43
47
69
48
49
50
44
46
50
48
49
46
47
47
46
46
68
47
46
45
46
58
46
46
46
46
45
194.169.218.16
51
47
59
45
46
52
46
60
46
44
46
48
47
62
51
46
45
46
46
46
68
46
46
52
47
49
54
185.24.64.16
51
46
57
47
53
51
47
46
56
42
45
59
47
46
47
47
77
46
47
49
46
46
46
84
46
46
66
212.18.248.16
48
46
46
47
52
52
45
47
73
43
48
70
50
43
47
55
49
45
49
44
59
44
46
49
48
46
45
212.18.249.16
49
45
46
71
44
47
59
46
46
46
45
47
46
46
45
46
46
46
45
48
51
53
46
47
44
48
47
192.5.4.1
46
44
70
45
46
46
66
46
46
45
45
51
43
44
46
47
45
46
45
46
51
45
48
47
47
46
43
2018-05-13 12:15:26.433610
194.0.45.1
583
305
306
305
614
611
306
305
306
536
382
305
306
305
612
306
612
510
305
612
920
920
510
306
305
624
600
84.245.96.1
46
54
49
46
53
52
46
45
46
60
50
44
49
46
45
56
46
49
47
48
46
48
46
46
53
50
46
195.12.159.1
45
49
45
47
45
47
51
44
46
46
51
51
47
45
49
73
49
46
52
62
58
64
46
46
61
51
46
194.169.218.16
42
46
46
46
47
46
46
46
49
46
67
47
46
45
51
44
49
43
48
43
46
45
46
46
45
45
46
185.24.64.16
43
45
50
46
55
48
44
49
55
45
46
56
45
51
52
46
46
55
49
45
45
45
45
45
47
49
45
212.18.248.16
45
48
51
46
45
46
48
44
45
46
48
55
47
45
48
43
47
60
46
46
45
46
51
46
50
54
44
212.18.249.16
44
46
51
51
45
47
46
50
45
46
48
59
46
47
57
45
46
60
52
46
46
50
48
73
55
46
46
192.5.4.1
45
46
62
51
48
48
46
46
46
46
46
45
46
49
54
45
46
49
49
66
47
61
75
46
46
50
46
2018-05-13 17:26:35.877194
194.0.45.1
363
309
408
203
409
254
358
409
308
408
188
219
205
524
299
188
312
278
348
399
204
256
254
248
365
320
460
84.245.96.1
43
46
45
46
47
43
48
46
42
44
45
43
46
45
45
46
48
47
45
44
46
44
44
46
46
46
45
195.12.159.1
45
46
44
46
44
46
46
46
46
46
46
46
46
47
50
43
43
46
45
46
46
45
47
45
46
46
46
194.169.218.16
45
44
47
45
45
47
45
46
45
47
45
43
46
45
46
46
46
68
52
47
46
46
45
47
46
50
46
185.24.64.16
50
53
46
46
46
47
45
49
43
46
46
47
49
49
43
45
46
46
45
46
46
46
46
46
46
46
46
212.18.248.16
47
45
50
46
54
46
45
46
45
46
46
42
46
46
46
47
44
42
45
44
44
47
46
46
45
92
51
212.18.249.16
44
46
46
46
46
47
46
46
46
48
42
46
46
48
48
46
47
47
47
46
118
57
46
45
46
45
46
192.5.4.1
52
46
46
45
46
48
48
53
46
46
47
49
53
45
49
48
46
45
46
46
45
45
47
45
46
45
46
