2018-05-12 20:40:50.709569
213.14.246.2
549
2148
305
306
612
922
312
606
303
304
613
612
425
213.14.246.6
119
269
162
156
83
143
66
48
45
54
53
46
49
31.210.155.2
47
49
52
46
46
50
48
60
59
47
60
45
49
185.7.0.2
45
54
44
44
47
50
47
44
46
46
48
46
47
185.7.0.3
49
50
46
46
46
48
45
45
54
70
42
46
47
162.88.54.1
63
55
50
45
48
47
50
47
46
52
68
47
45
162.88.55.1
45
48
58
46
45
47
56
47
69
49
53
50
45
2018-05-13 11:36:08.126476
213.14.246.2
410
361
240
990
1989
794
328
610
305
204
309
513
504
213.14.246.6
52
54
49
46
50
42
45
49
45
47
57
44
46
31.210.155.2
48
59
45
47
55
49
47
69
49
52
50
48
45
185.7.0.2
48
46
46
46
46
46
45
46
46
42
46
45
52
185.7.0.3
48
44
45
47
45
46
47
46
50
48
72
51
48
162.88.54.1
48
46
46
60
45
48
43
58
49
46
64
49
46
162.88.55.1
45
47
58
45
46
46
46
50
50
45
47
48
47
2018-05-13 11:49:08.852892
213.14.246.2
271
304
408
288
425
726
191
306
306
202
1022
613
510
213.14.246.6
46
48
43
45
46
46
46
52
50
45
48
45
50
31.210.155.2
50
47
45
46
47
62
51
46
46
63
42
46
47
185.7.0.2
47
45
56
46
56
49
47
45
47
46
49
47
46
185.7.0.3
48
48
46
46
52
51
50
42
51
52
46
71
52
162.88.54.1
46
47
74
53
52
63
48
54
46
59
68
52
49
162.88.55.1
45
47
46
46
48
47
64
50
46
46
47
48
46
2018-05-13 12:01:25.612962
213.14.246.2
1259
305
1724
320
509
817
204
408
305
408
203
408
408
213.14.246.6
44
50
227
69
46
45
46
45
49
66
48
45
46
31.210.155.2
49
50
438
81
49
46
46
46
46
46
59
46
54
185.7.0.2
47
46
538
78
47
46
45
59
55
45
46
46
46
185.7.0.3
46
46
359
76
50
47
45
46
47
46
58
47
46
162.88.54.1
50
60
48
45
47
71
46
48
45
68
47
46
45
162.88.55.1
50
46
67
50
46
47
46
46
50
48
44
46
47
2018-05-13 12:15:49.625541
213.14.246.2
558
302
613
305
305
1227
322
289
408
407
304
414
1221
213.14.246.6
49
46
311
64
48
46
49
54
51
45
45
47
46
31.210.155.2
45
47
379
63
50
46
49
46
46
46
57
48
45
185.7.0.2
46
54
46
47
48
46
68
48
47
44
51
51
46
185.7.0.3
43
46
48
54
48
45
59
45
46
47
46
46
49
162.88.54.1
44
46
46
47
43
45
47
56
47
46
45
46
46
162.88.55.1
47
46
45
46
47
60
44
53
44
45
46
61
45
2018-05-13 17:26:54.613591
213.14.246.2
497
250
336
230
410
816
148
363
510
306
149
565
504
213.14.246.6
50
51
318
46
47
46
46
46
47
43
62
45
47
31.210.155.2
42
47
286
46
43
49
54
45
50
44
59
46
46
185.7.0.2
51
52
345
48
45
43
43
46
63
47
46
48
50
185.7.0.3
49
48
472
45
48
46
45
45
47
45
47
45
49
162.88.54.1
46
46
46
45
46
46
49
45
45
47
46
46
46
162.88.55.1
50
48
43
45
46
46
46
46
50
44
47
62
57
