2018-05-12 20:41:03.686822
194.0.1.9
612
113
231
674
613
612
610
615
606
312
410
537
387
607
1227
921
216.218.215.27
46
50
46
47
59
49
47
46
45
50
47
74
43
45
50
45
195.47.253.1
48
46
50
47
46
58
63
45
45
44
49
46
46
47
49
45
204.61.216.12
48
47
43
63
45
46
49
44
70
49
47
46
46
46
46
49
192.5.4.1
43
46
46
45
60
49
51
52
54
52
50
53
46
47
54
46
2018-05-13 11:36:20.081661
194.0.1.9
466
293
305
510
481
438
305
406
408
203
408
316
294
511
523
495
216.218.215.27
49
59
44
47
44
53
51
46
66
41
46
46
46
63
48
46
195.47.253.1
47
45
48
62
43
47
47
64
50
52
54
52
49
45
45
54
204.61.216.12
45
47
49
49
44
44
57
50
53
49
48
49
59
47
46
44
192.5.4.1
44
46
54
68
55
64
69
50
50
52
47
67
46
47
59
48
2018-05-13 11:49:18.725672
194.0.1.9
628
409
305
306
510
612
305
313
821
191
408
408
408
305
611
306
216.218.215.27
48
46
48
46
47
63
51
45
47
63
46
46
46
49
52
50
195.47.253.1
48
50
46
46
48
51
48
45
46
47
47
58
49
46
57
50
204.61.216.12
50
45
61
41
46
57
47
46
46
45
51
50
47
46
64
43
192.5.4.1
47
47
60
55
48
45
47
59
43
46
58
46
46
48
47
46
2018-05-13 12:01:38.645058
194.0.1.9
318
471
305
510
510
409
168
443
511
304
307
408
203
305
715
202
216.218.215.27
45
54
51
46
46
46
50
52
49
46
45
47
47
47
46
48
195.47.253.1
44
47
47
53
41
46
47
46
49
47
45
47
48
48
45
46
204.61.216.12
46
46
46
50
47
54
47
47
45
48
47
46
46
49
46
50
192.5.4.1
48
47
47
49
45
47
46
47
58
45
47
49
47
46
46
46
2018-05-13 12:16:01.135476
194.0.1.9
1129
919
305
613
1227
610
305
613
394
421
408
407
305
305
922
611
216.218.215.27
45
47
60
56
46
47
58
49
45
46
61
47
46
46
63
50
195.47.253.1
52
44
46
68
53
56
49
47
58
47
46
46
46
58
47
46
204.61.216.12
49
45
63
50
46
47
47
45
46
46
47
51
42
46
52
54
192.5.4.1
48
46
46
46
47
46
47
51
54
57
45
46
47
64
49
46
2018-05-13 17:27:04.895508
194.0.1.9
100
204
204
461
458
511
169
443
409
203
205
408
306
174
642
311
216.218.215.27
47
46
46
47
45
47
46
46
46
46
49
44
46
44
46
45
195.47.253.1
47
46
46
46
46
46
47
46
46
47
46
50
46
46
46
43
204.61.216.12
44
46
47
43
46
50
55
46
49
46
46
46
46
46
46
46
192.5.4.1
50
46
46
46
46
86
51
46
46
46
47
46
46
46
46
45
