2018-05-12 20:41:16.322474
213.248.216.1
457
305
304
306
306
621
299
103.49.80.1
43
47
49
43
45
52
47
213.248.220.1
48
46
47
45
46
47
47
43.230.48.1
44
46
50
43
45
46
46
156.154.100.3
43
46
47
46
46
45
47
156.154.101.3
48
47
46
49
46
53
47
156.154.102.3
46
46
46
46
46
46
51
156.154.103.3
47
46
48
46
48
46
59
2018-05-13 11:36:30.079182
213.248.216.1
99
115
257
305
202
510
408
103.49.80.1
51
66
57
49
51
48
43
213.248.220.1
47
50
54
46
46
55
51
43.230.48.1
51
49
61
51
46
56
49
156.154.100.3
44
47
56
46
46
48
46
156.154.101.3
46
46
51
47
52
79
45
156.154.102.3
46
46
55
50
46
46
52
156.154.103.3
50
47
46
47
55
52
46
2018-05-13 11:49:29.164360
213.248.216.1
336
202
306
305
202
614
305
103.49.80.1
45
46
58
50
48
44
46
213.248.220.1
49
46
54
48
43
56
45
43.230.48.1
47
47
65
48
53
50
46
156.154.100.3
44
46
47
45
47
46
47
156.154.101.3
44
48
45
55
49
46
54
156.154.102.3
43
46
53
45
45
46
46
156.154.103.3
44
46
46
47
45
47
49
2018-05-13 12:01:48.142478
213.248.216.1
333
200
111
220
271
511
407
103.49.80.1
45
46
46
44
46
46
46
213.248.220.1
47
58
66
53
68
47
45
43.230.48.1
47
46
48
66
50
46
46
156.154.100.3
50
46
46
75
50
46
46
156.154.101.3
46
47
47
52
51
47
67
156.154.102.3
44
48
65
49
46
60
45
156.154.103.3
46
45
49
48
47
48
44
2018-05-13 12:16:14.148439
213.248.216.1
304
299
305
306
305
612
613
103.49.80.1
51
46
51
48
45
65
47
213.248.220.1
45
46
46
63
47
44
45
43.230.48.1
50
63
55
45
46
75
50
156.154.100.3
48
46
58
46
47
63
55
156.154.101.3
47
58
52
51
46
45
57
156.154.102.3
45
48
46
48
47
72
73
156.154.103.3
44
45
46
46
46
62
45
2018-05-13 17:27:13.328759
213.248.216.1
50
237
94
313
211
504
305
103.49.80.1
48
49
43
47
42
46
49
213.248.220.1
50
42
48
45
46
46
46
43.230.48.1
51
46
52
45
48
46
48
156.154.100.3
49
42
46
46
47
46
45
156.154.101.3
48
46
47
46
43
48
46
156.154.102.3
49
46
47
46
47
46
46
156.154.103.3
50
46
46
46
46
48
44
